00001 10 0 40.000000 101.000000 0 43.000000 99.000000 0 36.000000 96.000000 0 36.000000 103.000000 0 122.000000 176.000000 0 121.000000 176.000000 0 122.000000 179.000000 0 224.000000 240.000000 0 253.000000 255.000000 0 220.000000 243.000000
00002 10 0 44.000000 98.000000 0 40.000000 101.000000 0 40.000000 93.000000 0 37.000000 96.000000 0 37.000000 101.000000 0 37.000000 97.000000 0 122.000000 176.000000 0 255.000000 253.000000 0 224.000000 240.000000 0 251.000000 251.000000
00003 10 0 40.000000 99.000000 0 35.000000 98.000000 0 32.000000 101.000000 0 40.000000 95.000000 0 37.000000 94.000000 0 119.000000 175.000000 0 121.000000 178.000000 0 220.000000 240.000000 0 221.000000 240.000000 0 253.000000 255.000000
00004 10 0 39.000000 98.000000 0 39.000000 102.000000 0 45.000000 99.000000 0 42.000000 96.000000 0 42.000000 95.000000 0 125.000000 181.000000 0 123.000000 178.000000 0 122.000000 175.000000 0 224.000000 241.000000 0 243.000000 246.000000
00005 10 0 43.000000 101.000000 0 40.000000 100.000000 0 40.000000 104.000000 0 40.000000 99.000000 0 36.000000 104.000000 0 34.000000 100.000000 0 43.000000 98.000000 0 122.000000 179.000000 0 123.000000 183.000000 0 224.000000 242.000000
00006 10 0 43.000000 97.000000 0 36.000000 95.000000 0 35.000000 95.000000 0 40.000000 99.000000 0 40.000000 93.000000 0 122.000000 175.000000 0 123.000000 178.000000 0 223.000000 239.000000 0 242.000000 245.000000 0 245.000000 247.000000
00007 10 0 40.000000 101.000000 0 36.000000 103.000000 0 34.000000 98.000000 0 32.000000 103.000000 0 38.000000 98.000000 0 37.000000 98.000000 0 119.000000 178.000000 0 122.000000 181.000000 0 223.000000 240.000000 0 220.000000 242.000000
00008 10 0 39.000000 103.000000 0 40.000000 98.000000 0 36.000000 100.000000 0 44.000000 100.000000 0 122.000000 181.000000 0 119.000000 178.000000 0 224.000000 241.000000 0 245.000000 251.000000 0 244.000000 250.000000 0 248.000000 254.000000
00009 10 0 36.000000 103.000000 0 41.000000 101.000000 0 37.000000 98.000000 0 41.000000 98.000000 0 32.000000 99.000000 0 31.000000 104.000000 0 121.000000 178.000000 0 122.000000 182.000000 0 240.000000 248.000000 0 221.000000 242.000000
00010 10 0 40.000000 99.000000 0 37.000000 101.000000 0 40.000000 96.000000 0 33.000000 101.000000 0 120.000000 178.000000 0 121.000000 181.000000 0 224.000000 239.000000 0 237.000000 245.000000 0 244.000000 250.000000 0 218.000000 244.000000
00011 10 0 35.000000 97.000000 0 39.000000 100.000000 0 39.000000 101.000000 0 39.000000 96.000000 0 40.000000 100.000000 0 34.000000 101.000000 0 35.000000 101.000000 0 120.000000 178.000000 0 122.000000 181.000000 0 245.000000 250.000000
00012 10 0 42.000000 96.000000 0 39.000000 96.000000 0 45.000000 98.000000 0 35.000000 101.000000 0 122.000000 176.000000 0 125.000000 179.000000 0 223.000000 239.000000 0 248.000000 248.000000 0 255.000000 253.000000 0 243.000000 245.000000
00013 10 0 44.000000 101.000000 0 37.000000 102.000000 0 41.000000 103.000000 0 41.000000 99.000000 0 124.000000 179.000000 0 125.000000 183.000000 0 224.000000 241.000000 0 250.000000 253.000000 0 242.000000 247.000000 0 253.000000 255.000000
00014 10 0 39.000000 96.000000 0 39.000000 100.000000 0 39.000000 101.000000 0 43.000000 94.000000 0 43.000000 95.000000 0 43.000000 99.000000 0 35.000000 99.000000 0 35.000000 98.000000 0 31.000000 98.000000 0 122.000000 176.000000
00015 10 0 44.000000 100.000000 0 40.000000 101.000000 0 40.000000 96.000000 0 37.000000 98.000000 0 47.000000 98.000000 0 34.000000 102.000000 0 125.000000 181.000000 0 125.000000 176.000000 0 224.000000 242.000000 0 248.000000 250.000000
00016 10 0 32.000000 103.000000 0 35.000000 99.000000 0 34.000000 99.000000 0 39.000000 98.000000 0 35.000000 98.000000 0 37.000000 102.000000 0 119.000000 179.000000 0 122.000000 181.000000 0 250.000000 255.000000 0 222.000000 241.000000
00017 10 0 40.000000 97.000000 0 34.000000 101.000000 0 32.000000 98.000000 0 119.000000 176.000000 0 122.000000 177.000000 0 253.000000 253.000000 0 224.000000 237.000000 0 227.000000 236.000000 0 250.000000 251.000000 0 240.000000 244.000000
00018 10 0 39.000000 99.000000 0 39.000000 95.000000 0 34.000000 99.000000 0 121.000000 176.000000 0 245.000000 247.000000 0 246.000000 247.000000 0 224.000000 240.000000 0 253.000000 253.000000 0 242.000000 244.000000 0 238.000000 242.000000
00019 10 0 39.000000 96.000000 0 38.000000 96.000000 0 43.000000 99.000000 0 44.000000 99.000000 0 38.000000 101.000000 0 34.000000 98.000000 0 34.000000 99.000000 0 122.000000 177.000000 0 225.000000 239.000000 0 253.000000 253.000000
00020 10 0 39.000000 96.000000 0 39.000000 97.000000 0 40.000000 97.000000 0 44.000000 98.000000 0 45.000000 98.000000 0 34.000000 101.000000 0 37.000000 101.000000 0 124.000000 177.000000 0 124.000000 178.000000 0 123.000000 177.000000
00021 10 0 35.000000 95.000000 0 42.000000 98.000000 0 39.000000 95.000000 0 35.000000 101.000000 0 34.000000 101.000000 0 120.000000 175.000000 0 221.000000 240.000000 0 250.000000 251.000000 0 224.000000 237.000000 0 253.000000 253.000000
00022 10 0 44.000000 98.000000 0 40.000000 100.000000 0 40.000000 96.000000 0 39.000000 103.000000 0 122.000000 177.000000 0 125.000000 175.000000 0 125.000000 180.000000 0 225.000000 240.000000 0 224.000000 240.000000 0 243.000000 246.000000
00023 10 0 38.000000 96.000000 0 34.000000 100.000000 0 33.000000 100.000000 0 37.000000 102.000000 0 120.000000 178.000000 0 251.000000 255.000000 0 220.000000 241.000000 0 245.000000 250.000000 0 237.000000 244.000000 0 218.000000 245.000000
00024 10 0 40.000000 97.000000 0 37.000000 100.000000 0 37.000000 101.000000 0 45.000000 99.000000 0 42.000000 101.000000 0 122.000000 176.000000 0 224.000000 242.000000 0 228.000000 239.000000 0 252.000000 253.000000 0 242.000000 245.000000
00025 10 0 38.000000 96.000000 0 36.000000 100.000000 0 34.000000 96.000000 0 32.000000 100.000000 0 40.000000 99.000000 0 41.000000 99.000000 0 119.000000 178.000000 0 245.000000 250.000000 0 239.000000 245.000000 0 221.000000 239.000000
00026 10 0 39.000000 103.000000 0 40.000000 98.000000 0 37.000000 100.000000 0 34.000000 103.000000 0 45.000000 100.000000 0 120.000000 179.000000 0 223.000000 242.000000 0 240.000000 247.000000 0 249.000000 253.000000 0 246.000000 251.000000
00027 10 0 39.000000 104.000000 0 44.000000 101.000000 0 43.000000 101.000000 0 36.000000 102.000000 0 40.000000 98.000000 0 36.000000 101.000000 0 32.000000 103.000000 0 122.000000 180.000000 0 122.000000 179.000000 0 125.000000 182.000000
00028 10 0 40.000000 103.000000 0 40.000000 96.000000 0 39.000000 104.000000 0 41.000000 99.000000 0 36.000000 100.000000 0 35.000000 100.000000 0 35.000000 106.000000 0 34.000000 106.000000 0 34.000000 105.000000 0 124.000000 183.000000
00029 10 0 39.000000 95.000000 0 45.000000 98.000000 0 44.000000 98.000000 0 37.000000 101.000000 0 36.000000 96.000000 0 34.000000 101.000000 0 122.000000 176.000000 0 125.000000 179.000000 0 223.000000 239.000000 0 243.000000 245.000000
00030 10 0 39.000000 98.000000 0 44.000000 100.000000 0 37.000000 103.000000 0 35.000000 100.000000 0 224.000000 241.000000 0 122.000000 178.000000 0 125.000000 181.000000 0 255.000000 255.000000 0 247.000000 250.000000 0 242.000000 245.000000
00031 10 0 34.000000 99.000000 0 37.000000 97.000000 0 40.000000 100.000000 0 37.000000 101.000000 0 43.000000 98.000000 0 32.000000 103.000000 0 119.000000 178.000000 0 239.000000 245.000000 0 239.000000 246.000000 0 220.000000 241.000000
00032 10 0 43.000000 98.000000 0 42.000000 98.000000 0 40.000000 101.000000 0 38.000000 104.000000 0 39.000000 97.000000 0 122.000000 178.000000 0 224.000000 242.000000 0 226.000000 239.000000 0 248.000000 250.000000 0 241.000000 245.000000
00033 10 0 41.000000 98.000000 0 41.000000 99.000000 0 45.000000 99.000000 0 40.000000 104.000000 0 36.000000 103.000000 0 122.000000 178.000000 0 125.000000 181.000000 0 125.000000 177.000000 0 226.000000 240.000000 0 223.000000 243.000000
00034 10 0 40.000000 98.000000 0 44.000000 98.000000 0 35.000000 98.000000 0 122.000000 175.000000 0 224.000000 238.000000 0 245.000000 246.000000 0 240.000000 243.000000 0 255.000000 253.000000 0 228.000000 236.000000 0 228.000000 237.000000
00035 10 0 36.000000 97.000000 0 39.000000 97.000000 0 44.000000 96.000000 0 37.000000 101.000000 0 32.000000 96.000000 0 32.000000 97.000000 0 121.000000 176.000000 0 122.000000 176.000000 0 245.000000 248.000000 0 223.000000 239.000000
00036 10 0 39.000000 96.000000 0 39.000000 99.000000 0 42.000000 96.000000 0 42.000000 100.000000 0 45.000000 99.000000 0 36.000000 97.000000 0 36.000000 98.000000 0 32.000000 99.000000 0 124.000000 177.000000 0 226.000000 238.000000
00037 10 0 39.000000 96.000000 0 32.000000 98.000000 0 36.000000 97.000000 0 36.000000 96.000000 0 34.000000 102.000000 0 42.000000 98.000000 0 37.000000 101.000000 0 120.000000 176.000000 0 120.000000 177.000000 0 120.000000 175.000000
00038 10 0 37.000000 101.000000 0 35.000000 96.000000 0 39.000000 98.000000 0 39.000000 97.000000 0 33.000000 99.000000 0 119.000000 177.000000 0 221.000000 240.000000 0 242.000000 247.000000 0 239.000000 245.000000 0 237.000000 244.000000
00039 10 0 40.000000 100.000000 0 43.000000 98.000000 0 38.000000 96.000000 0 37.000000 101.000000 0 34.000000 98.000000 0 34.000000 101.000000 0 124.000000 175.000000 0 247.000000 248.000000 0 223.000000 239.000000 0 252.000000 252.000000
00040 10 0 41.000000 98.000000 0 42.000000 101.000000 0 37.000000 103.000000 0 35.000000 100.000000 0 122.000000 179.000000 0 224.000000 242.000000 0 245.000000 249.000000 0 231.000000 240.000000 0 239.000000 245.000000 0 248.000000 251.000000
00041 10 0 36.000000 101.000000 0 38.000000 98.000000 0 39.000000 97.000000 0 39.000000 98.000000 0 32.000000 98.000000 0 33.000000 98.000000 0 34.000000 98.000000 0 35.000000 98.000000 0 31.000000 103.000000 0 119.000000 178.000000
00042 10 0 44.000000 100.000000 0 40.000000 98.000000 0 40.000000 103.000000 0 37.000000 103.000000 0 37.000000 102.000000 0 34.000000 103.000000 0 34.000000 99.000000 0 123.000000 179.000000 0 125.000000 182.000000 0 248.000000 252.000000
00043 10 0 44.000000 101.000000 0 38.000000 99.000000 0 41.000000 103.000000 0 37.000000 103.000000 0 34.000000 101.000000 0 121.000000 178.000000 0 125.000000 182.000000 0 125.000000 181.000000 0 124.000000 181.000000 0 225.000000 241.000000
00044 10 0 41.000000 99.000000 0 41.000000 96.000000 0 45.000000 97.000000 0 46.000000 97.000000 0 36.000000 101.000000 0 122.000000 177.000000 0 125.000000 180.000000 0 223.000000 241.000000 0 226.000000 238.000000 0 243.000000 245.000000
00045 10 0 35.000000 100.000000 0 35.000000 101.000000 0 41.000000 98.000000 0 41.000000 101.000000 0 45.000000 100.000000 0 38.000000 104.000000 0 122.000000 179.000000 0 121.000000 179.000000 0 124.000000 182.000000 0 224.000000 242.000000
00046 10 0 40.000000 99.000000 0 35.000000 96.000000 0 37.000000 99.000000 0 36.000000 99.000000 0 39.000000 95.000000 0 32.000000 101.000000 0 32.000000 99.000000 0 119.000000 176.000000 0 239.000000 244.000000 0 250.000000 252.000000
00047 10 0 39.000000 100.000000 0 39.000000 96.000000 0 32.000000 99.000000 0 43.000000 99.000000 0 119.000000 179.000000 0 119.000000 180.000000 0 122.000000 181.000000 0 220.000000 242.000000 0 238.000000 246.000000 0 247.000000 253.000000
00048 10 0 39.000000 95.000000 0 35.000000 98.000000 0 39.000000 100.000000 0 40.000000 99.000000 0 43.000000 97.000000 0 122.000000 175.000000 0 223.000000 239.000000 0 240.000000 243.000000 0 254.000000 253.000000 0 245.000000 247.000000
00049 10 0 40.000000 101.000000 0 42.000000 96.000000 0 44.000000 95.000000 0 39.000000 96.000000 0 35.000000 98.000000 0 35.000000 99.000000 0 35.000000 102.000000 0 46.000000 98.000000 0 47.000000 98.000000 0 122.000000 176.000000
00050 10 0 39.000000 97.000000 0 37.000000 101.000000 0 43.000000 98.000000 0 31.000000 103.000000 0 119.000000 176.000000 0 223.000000 240.000000 0 220.000000 242.000000 0 220.000000 241.000000 0 247.000000 252.000000 0 239.000000 245.000000
