00001 10 0 63.000000 183.000000 0 62.000000 178.000000 0 62.000000 179.000000 0 64.000000 160.000000 0 67.000000 156.000000 0 68.000000 156.000000 0 34.000000 84.000000 0 67.000000 175.000000 0 88.000000 240.000000 0 71.000000 208.000000
00002 10 0 64.000000 177.000000 0 64.000000 178.000000 0 60.000000 176.000000 0 67.000000 159.000000 0 71.000000 155.000000 0 63.000000 156.000000 0 75.000000 183.000000 0 85.000000 236.000000 0 36.000000 83.000000 0 70.000000 175.000000
00003 10 0 63.000000 177.000000 0 63.000000 176.000000 0 64.000000 181.000000 0 59.000000 177.000000 0 66.000000 159.000000 0 66.000000 158.000000 0 69.000000 154.000000 0 72.000000 207.000000 0 59.000000 156.000000 0 75.000000 184.000000
00004 10 0 60.000000 177.000000 0 60.000000 176.000000 0 61.000000 181.000000 0 56.000000 178.000000 0 66.000000 155.000000 0 64.000000 159.000000 0 63.000000 159.000000 0 55.000000 157.000000 0 81.000000 236.000000 0 72.000000 184.000000
00005 10 0 61.000000 177.000000 0 61.000000 181.000000 0 64.000000 159.000000 0 66.000000 155.000000 0 65.000000 155.000000 0 72.000000 181.000000 0 4.000000 74.000000 0 3.000000 74.000000 0 72.000000 186.000000 0 32.000000 82.000000
00006 10 0 60.000000 178.000000 0 60.000000 179.000000 0 59.000000 179.000000 0 61.000000 183.000000 0 62.000000 184.000000 0 64.000000 158.000000 0 82.000000 239.000000 0 32.000000 85.000000 0 71.000000 186.000000 0 55.000000 159.000000
00007 10 0 64.000000 183.000000 0 64.000000 178.000000 0 64.000000 179.000000 0 60.000000 178.000000 0 67.000000 160.000000 0 71.000000 156.000000 0 0.000000 199.000000 0 63.000000 156.000000 0 85.000000 237.000000 0 36.000000 84.000000
00008 10 0 60.000000 180.000000 0 61.000000 183.000000 0 56.000000 181.000000 0 66.000000 157.000000 0 64.000000 160.000000 0 60.000000 156.000000 0 55.000000 159.000000 0 55.000000 160.000000 0 74.000000 186.000000 0 82.000000 239.000000
00009 10 0 63.000000 177.000000 0 63.000000 178.000000 0 63.000000 176.000000 0 59.000000 176.000000 0 67.000000 159.000000 0 66.000000 159.000000 0 69.000000 155.000000 0 63.000000 154.000000 0 72.000000 200.000000 0 80.000000 226.000000
00010 10 0 63.000000 181.000000 0 63.000000 179.000000 0 63.000000 180.000000 0 58.000000 178.000000 0 59.000000 180.000000 0 67.000000 159.000000 0 68.000000 159.000000 0 66.000000 160.000000 0 35.000000 85.000000 0 72.000000 211.000000
00011 10 0 61.000000 177.000000 0 61.000000 181.000000 0 57.000000 177.000000 0 64.000000 157.000000 0 67.000000 154.000000 0 70.000000 207.000000 0 69.000000 207.000000 0 71.000000 182.000000 0 71.000000 181.000000 0 32.000000 82.000000
00012 10 0 63.000000 184.000000 0 63.000000 181.000000 0 59.000000 181.000000 0 66.000000 160.000000 0 88.000000 242.000000 0 35.000000 85.000000 0 63.000000 156.000000 0 84.000000 239.000000 0 85.000000 239.000000 0 56.000000 161.000000
00013 10 0 60.000000 177.000000 0 60.000000 178.000000 0 61.000000 182.000000 0 56.000000 177.000000 0 63.000000 159.000000 0 63.000000 158.000000 0 66.000000 155.000000 0 55.000000 157.000000 0 71.000000 183.000000 0 71.000000 184.000000
00014 10 0 61.000000 179.000000 0 61.000000 181.000000 0 61.000000 180.000000 0 65.000000 160.000000 0 71.000000 186.000000 0 56.000000 160.000000 0 83.000000 239.000000 0 34.000000 85.000000 0 33.000000 85.000000 0 74.000000 187.000000
00015 10 0 61.000000 177.000000 0 61.000000 176.000000 0 62.000000 181.000000 0 56.000000 175.000000 0 57.000000 177.000000 0 64.000000 158.000000 0 64.000000 157.000000 0 67.000000 154.000000 0 56.000000 156.000000 0 72.000000 181.000000
00016 10 0 60.000000 182.000000 0 60.000000 178.000000 0 56.000000 178.000000 0 64.000000 161.000000 0 67.000000 157.000000 0 71.000000 184.000000 0 72.000000 186.000000 0 55.000000 159.000000 0 59.000000 157.000000 0 60.000000 156.000000
00017 10 0 63.000000 180.000000 0 63.000000 181.000000 0 63.000000 179.000000 0 58.000000 178.000000 0 59.000000 180.000000 0 67.000000 160.000000 0 36.000000 85.000000 0 56.000000 159.000000 0 85.000000 239.000000 0 63.000000 155.000000
00018 10 0 63.000000 184.000000 0 62.000000 179.000000 0 58.000000 181.000000 0 66.000000 161.000000 0 66.000000 160.000000 0 68.000000 157.000000 0 67.000000 157.000000 0 72.000000 184.000000 0 88.000000 242.000000 0 84.000000 239.000000
00019 10 0 62.000000 176.000000 0 62.000000 177.000000 0 63.000000 181.000000 0 64.000000 159.000000 0 67.000000 155.000000 0 64.000000 158.000000 0 72.000000 183.000000 0 5.000000 75.000000 0 34.000000 82.000000 0 57.000000 156.000000
00020 10 0 64.000000 183.000000 0 63.000000 179.000000 0 60.000000 181.000000 0 59.000000 176.000000 0 67.000000 160.000000 0 58.000000 160.000000 0 36.000000 85.000000 0 37.000000 85.000000 0 7.000000 72.000000 0 61.000000 157.000000
00021 10 0 62.000000 176.000000 0 63.000000 177.000000 0 63.000000 176.000000 0 58.000000 177.000000 0 63.000000 181.000000 0 67.000000 155.000000 0 68.000000 154.000000 0 88.000000 236.000000 0 34.000000 80.000000 0 72.000000 184.000000
00022 10 0 61.000000 178.000000 0 61.000000 179.000000 0 61.000000 182.000000 0 57.000000 181.000000 0 57.000000 178.000000 0 64.000000 160.000000 0 66.000000 157.000000 0 72.000000 186.000000 0 60.000000 157.000000 0 60.000000 158.000000
00023 10 0 61.000000 177.000000 0 58.000000 177.000000 0 63.000000 181.000000 0 64.000000 157.000000 0 67.000000 155.000000 0 87.000000 239.000000 0 57.000000 156.000000 0 84.000000 235.000000 0 33.000000 82.000000 0 34.000000 82.000000
00024 10 0 62.000000 182.000000 0 58.000000 181.000000 0 67.000000 157.000000 0 65.000000 161.000000 0 72.000000 186.000000 0 71.000000 183.000000 0 84.000000 239.000000 0 56.000000 160.000000 0 80.000000 231.000000 0 71.000000 199.000000
00025 10 0 61.000000 176.000000 0 61.000000 177.000000 0 63.000000 181.000000 0 64.000000 158.000000 0 64.000000 157.000000 0 67.000000 155.000000 0 87.000000 239.000000 0 34.000000 82.000000 0 71.000000 207.000000 0 61.000000 152.000000
00026 10 0 62.000000 177.000000 0 62.000000 176.000000 0 63.000000 181.000000 0 58.000000 177.000000 0 64.000000 157.000000 0 72.000000 181.000000 0 4.000000 74.000000 0 34.000000 82.000000 0 71.000000 207.000000 0 83.000000 235.000000
00027 10 0 60.000000 180.000000 0 61.000000 183.000000 0 56.000000 180.000000 0 55.000000 176.000000 0 66.000000 156.000000 0 65.000000 157.000000 0 66.000000 157.000000 0 72.000000 184.000000 0 32.000000 84.000000 0 56.000000 158.000000
00028 10 0 62.000000 180.000000 0 63.000000 184.000000 0 58.000000 180.000000 0 58.000000 181.000000 0 57.000000 176.000000 0 64.000000 162.000000 0 68.000000 159.000000 0 84.000000 239.000000 0 58.000000 159.000000 0 73.000000 185.000000
00029 10 0 64.000000 178.000000 0 64.000000 183.000000 0 60.000000 179.000000 0 69.000000 156.000000 0 68.000000 159.000000 0 0.000000 198.000000 0 64.000000 155.000000 0 90.000000 240.000000 0 36.000000 84.000000 0 8.000000 71.000000
00030 10 0 60.000000 183.000000 0 61.000000 183.000000 0 60.000000 179.000000 0 56.000000 180.000000 0 64.000000 160.000000 0 66.000000 157.000000 0 55.000000 159.000000 0 3.000000 77.000000 0 32.000000 85.000000 0 31.000000 84.000000
00031 10 0 60.000000 178.000000 0 60.000000 179.000000 0 60.000000 183.000000 0 55.000000 176.000000 0 63.000000 159.000000 0 66.000000 156.000000 0 72.000000 186.000000 0 55.000000 159.000000 0 59.000000 156.000000 0 32.000000 85.000000
00032 10 0 63.000000 184.000000 0 62.000000 181.000000 0 63.000000 181.000000 0 58.000000 181.000000 0 64.000000 162.000000 0 68.000000 157.000000 0 67.000000 157.000000 0 67.000000 158.000000 0 55.000000 160.000000 0 74.000000 187.000000
00033 10 0 64.000000 179.000000 0 60.000000 179.000000 0 64.000000 184.000000 0 68.000000 158.000000 0 67.000000 159.000000 0 68.000000 159.000000 0 72.000000 210.000000 0 63.000000 156.000000 0 86.000000 238.000000 0 59.000000 159.000000
00034 10 0 63.000000 181.000000 0 62.000000 177.000000 0 58.000000 177.000000 0 65.000000 156.000000 0 72.000000 183.000000 0 79.000000 183.000000 0 71.000000 207.000000 0 68.000000 184.000000 0 60.000000 155.000000 0 34.000000 82.000000
00035 10 0 60.000000 181.000000 0 61.000000 184.000000 0 54.000000 175.000000 0 55.000000 179.000000 0 66.000000 157.000000 0 63.000000 159.000000 0 58.000000 157.000000 0 72.000000 187.000000 0 32.000000 85.000000 0 82.000000 239.000000
00036 10 0 63.000000 176.000000 0 65.000000 183.000000 0 64.000000 179.000000 0 60.000000 179.000000 0 71.000000 155.000000 0 67.000000 159.000000 0 67.000000 158.000000 0 0.000000 198.000000 0 90.000000 240.000000 0 69.000000 176.000000
00037 10 0 60.000000 181.000000 0 60.000000 180.000000 0 60.000000 176.000000 0 55.000000 176.000000 0 63.000000 159.000000 0 68.000000 208.000000 0 55.000000 157.000000 0 72.000000 182.000000 0 32.000000 83.000000 0 72.000000 183.000000
00038 10 0 61.000000 183.000000 0 60.000000 178.000000 0 60.000000 179.000000 0 55.000000 176.000000 0 63.000000 160.000000 0 64.000000 157.000000 0 64.000000 156.000000 0 71.000000 183.000000 0 55.000000 157.000000 0 59.000000 155.000000
00039 10 0 63.000000 178.000000 0 64.000000 183.000000 0 60.000000 181.000000 0 68.000000 159.000000 0 7.000000 77.000000 0 36.000000 85.000000 0 36.000000 84.000000 0 61.000000 157.000000 0 72.000000 210.000000 0 76.000000 187.000000
00040 10 0 64.000000 184.000000 0 63.000000 178.000000 0 63.000000 179.000000 0 68.000000 159.000000 0 69.000000 157.000000 0 7.000000 78.000000 0 84.000000 239.000000 0 36.000000 84.000000 0 36.000000 85.000000 0 58.000000 160.000000
00041 10 0 60.000000 179.000000 0 63.000000 184.000000 0 62.000000 184.000000 0 56.000000 179.000000 0 66.000000 157.000000 0 71.000000 184.000000 0 56.000000 159.000000 0 32.000000 86.000000 0 3.000000 77.000000 0 4.000000 77.000000
00042 10 0 64.000000 179.000000 0 64.000000 180.000000 0 64.000000 178.000000 0 70.000000 156.000000 0 69.000000 157.000000 0 67.000000 160.000000 0 0.000000 198.000000 0 86.000000 237.000000 0 64.000000 155.000000 0 7.000000 76.000000
00043 10 0 60.000000 178.000000 0 61.000000 182.000000 0 55.000000 178.000000 0 55.000000 174.000000 0 64.000000 159.000000 0 66.000000 155.000000 0 55.000000 157.000000 0 68.000000 208.000000 0 69.000000 208.000000 0 55.000000 160.000000
00044 10 0 63.000000 182.000000 0 63.000000 184.000000 0 63.000000 181.000000 0 59.000000 181.000000 0 66.000000 160.000000 0 68.000000 157.000000 0 56.000000 160.000000 0 6.000000 79.000000 0 7.000000 79.000000 0 5.000000 79.000000
00045 10 0 63.000000 177.000000 0 63.000000 176.000000 0 59.000000 177.000000 0 69.000000 154.000000 0 68.000000 155.000000 0 67.000000 159.000000 0 7.000000 75.000000 0 72.000000 207.000000 0 35.000000 82.000000 0 36.000000 82.000000
00046 10 0 61.000000 177.000000 0 61.000000 176.000000 0 62.000000 181.000000 0 57.000000 177.000000 0 64.000000 156.000000 0 64.000000 157.000000 0 64.000000 159.000000 0 64.000000 158.000000 0 55.000000 157.000000 0 74.000000 184.000000
00047 10 0 60.000000 178.000000 0 60.000000 177.000000 0 63.000000 159.000000 0 66.000000 155.000000 0 55.000000 157.000000 0 72.000000 183.000000 0 75.000000 184.000000 0 32.000000 82.000000 0 69.000000 208.000000 0 87.000000 239.000000
00048 10 0 64.000000 179.000000 0 63.000000 176.000000 0 60.000000 179.000000 0 64.000000 183.000000 0 68.000000 158.000000 0 71.000000 155.000000 0 70.000000 155.000000 0 0.000000 198.000000 0 0.000000 199.000000 0 64.000000 154.000000
00049 10 0 63.000000 176.000000 0 64.000000 181.000000 0 60.000000 179.000000 0 69.000000 155.000000 0 68.000000 159.000000 0 0.000000 197.000000 0 61.000000 156.000000 0 61.000000 155.000000 0 60.000000 156.000000 0 71.000000 184.000000
00050 10 0 60.000000 181.000000 0 56.000000 180.000000 0 64.000000 160.000000 0 66.000000 157.000000 0 32.000000 84.000000 0 32.000000 85.000000 0 71.000000 184.000000 0 56.000000 159.000000 0 82.000000 239.000000 0 67.000000 210.000000
