00001 10 0 239.000000 93.000000 0 174.000000 68.000000 0 173.000000 68.000000 0 253.000000 224.000000 0 6.000000 85.000000 0 245.000000 8.000000 0 253.000000 217.000000 0 178.000000 159.000000 0 222.000000 168.000000 0 247.000000 166.000000
00002 10 0 240.000000 96.000000 0 240.000000 95.000000 0 254.000000 226.000000 0 176.000000 69.000000 0 246.000000 10.000000 0 7.000000 87.000000 0 247.000000 168.000000 0 222.000000 170.000000 0 223.000000 170.000000 0 254.000000 219.000000
00003 10 0 241.000000 95.000000 0 176.000000 68.000000 0 255.000000 224.000000 0 248.000000 167.000000 0 255.000000 218.000000 0 247.000000 9.000000 0 8.000000 86.000000 0 223.000000 169.000000 0 179.000000 160.000000 0 180.000000 160.000000
00004 10 0 239.000000 95.000000 0 173.000000 70.000000 0 253.000000 226.000000 0 252.000000 226.000000 0 252.000000 219.000000 0 5.000000 88.000000 0 244.000000 10.000000 0 221.000000 170.000000 0 246.000000 168.000000 0 240.000000 7.000000
00005 10 0 241.000000 95.000000 0 176.000000 68.000000 0 255.000000 225.000000 0 8.000000 87.000000 0 248.000000 167.000000 0 247.000000 9.000000 0 255.000000 218.000000 0 224.000000 169.000000 0 184.000000 74.000000 0 232.000000 175.000000
00006 10 0 237.000000 95.000000 0 255.000000 159.000000 0 173.000000 69.000000 0 251.000000 225.000000 0 251.000000 218.000000 0 4.000000 87.000000 0 242.000000 8.000000 0 245.000000 167.000000 0 220.000000 169.000000 0 229.000000 175.000000
00007 10 0 173.000000 68.000000 0 237.000000 93.000000 0 251.000000 224.000000 0 255.000000 158.000000 0 242.000000 8.000000 0 4.000000 85.000000 0 220.000000 168.000000 0 176.000000 159.000000 0 251.000000 217.000000 0 245.000000 166.000000
00008 10 0 173.000000 67.000000 0 238.000000 93.000000 0 255.000000 157.000000 0 252.000000 223.000000 0 243.000000 7.000000 0 220.000000 167.000000 0 251.000000 216.000000 0 245.000000 165.000000 0 4.000000 85.000000 0 250.000000 162.000000
00009 10 0 241.000000 93.000000 0 176.000000 67.000000 0 255.000000 223.000000 0 246.000000 7.000000 0 199.000000 103.000000 0 223.000000 168.000000 0 223.000000 167.000000 0 224.000000 168.000000 0 237.000000 92.000000 0 8.000000 85.000000
00010 10 0 240.000000 96.000000 0 175.000000 70.000000 0 254.000000 226.000000 0 223.000000 171.000000 0 245.000000 10.000000 0 247.000000 168.000000 0 7.000000 88.000000 0 254.000000 219.000000 0 192.000000 196.000000 0 236.000000 95.000000
00011 10 0 240.000000 95.000000 0 176.000000 69.000000 0 240.000000 96.000000 0 254.000000 226.000000 0 223.000000 170.000000 0 7.000000 88.000000 0 247.000000 168.000000 0 245.000000 10.000000 0 255.000000 218.000000 0 233.000000 181.000000
00012 10 0 237.000000 95.000000 0 172.000000 69.000000 0 251.000000 225.000000 0 255.000000 159.000000 0 4.000000 87.000000 0 220.000000 170.000000 0 251.000000 218.000000 0 243.000000 9.000000 0 176.000000 160.000000 0 247.000000 167.000000
00013 10 0 240.000000 92.000000 0 174.000000 66.000000 0 254.000000 222.000000 0 245.000000 7.000000 0 247.000000 164.000000 0 6.000000 84.000000 0 254.000000 215.000000 0 222.000000 167.000000 0 235.000000 91.000000 0 178.000000 157.000000
00014 10 0 240.000000 92.000000 0 175.000000 66.000000 0 253.000000 222.000000 0 247.000000 164.000000 0 244.000000 7.000000 0 6.000000 84.000000 0 253.000000 215.000000 0 222.000000 167.000000 0 178.000000 157.000000 0 191.000000 192.000000
00015 10 0 239.000000 96.000000 0 174.000000 70.000000 0 252.000000 226.000000 0 244.000000 10.000000 0 247.000000 168.000000 0 221.000000 170.000000 0 5.000000 88.000000 0 255.000000 218.000000 0 176.000000 161.000000 0 240.000000 7.000000
00016 10 0 173.000000 66.000000 0 239.000000 92.000000 0 253.000000 222.000000 0 221.000000 167.000000 0 255.000000 156.000000 0 5.000000 84.000000 0 253.000000 215.000000 0 247.000000 164.000000 0 244.000000 7.000000 0 231.000000 178.000000
00017 10 0 237.000000 93.000000 0 173.000000 67.000000 0 172.000000 67.000000 0 255.000000 157.000000 0 252.000000 223.000000 0 251.000000 216.000000 0 245.000000 165.000000 0 243.000000 8.000000 0 220.000000 168.000000 0 4.000000 84.000000
00018 10 0 240.000000 96.000000 0 174.000000 70.000000 0 254.000000 226.000000 0 222.000000 170.000000 0 247.000000 168.000000 0 245.000000 10.000000 0 231.000000 176.000000 0 255.000000 218.000000 0 6.000000 88.000000 0 252.000000 166.000000
00019 10 0 239.000000 96.000000 0 252.000000 226.000000 0 172.000000 70.000000 0 5.000000 88.000000 0 244.000000 10.000000 0 243.000000 10.000000 0 255.000000 160.000000 0 221.000000 170.000000 0 252.000000 219.000000 0 246.000000 168.000000
00020 10 0 241.000000 93.000000 0 242.000000 93.000000 0 175.000000 68.000000 0 255.000000 224.000000 0 224.000000 168.000000 0 8.000000 85.000000 0 247.000000 8.000000 0 248.000000 8.000000 0 180.000000 159.000000 0 249.000000 166.000000
00021 10 0 241.000000 94.000000 0 176.000000 68.000000 0 255.000000 224.000000 0 8.000000 86.000000 0 8.000000 87.000000 0 255.000000 218.000000 0 246.000000 9.000000 0 224.000000 168.000000 0 248.000000 167.000000 0 251.000000 167.000000
00022 10 0 175.000000 66.000000 0 240.000000 92.000000 0 254.000000 222.000000 0 255.000000 215.000000 0 245.000000 7.000000 0 192.000000 192.000000 0 247.000000 164.000000 0 222.000000 167.000000 0 197.000000 101.000000 0 178.000000 157.000000
00023 10 0 173.000000 67.000000 0 237.000000 93.000000 0 251.000000 224.000000 0 255.000000 157.000000 0 242.000000 7.000000 0 251.000000 216.000000 0 4.000000 85.000000 0 220.000000 168.000000 0 245.000000 165.000000 0 255.000000 216.000000
00024 10 0 241.000000 94.000000 0 175.000000 68.000000 0 247.000000 8.000000 0 255.000000 225.000000 0 8.000000 86.000000 0 223.000000 169.000000 0 199.000000 104.000000 0 249.000000 167.000000 0 237.000000 93.000000 0 179.000000 159.000000
00025 10 0 175.000000 69.000000 0 241.000000 95.000000 0 255.000000 225.000000 0 223.000000 170.000000 0 247.000000 10.000000 0 179.000000 160.000000 0 249.000000 167.000000 0 7.000000 86.000000 0 255.000000 218.000000 0 199.000000 105.000000
00026 10 0 240.000000 96.000000 0 175.000000 70.000000 0 254.000000 226.000000 0 7.000000 88.000000 0 223.000000 170.000000 0 245.000000 10.000000 0 248.000000 168.000000 0 233.000000 182.000000 0 254.000000 218.000000 0 236.000000 95.000000
00027 10 0 240.000000 92.000000 0 175.000000 66.000000 0 174.000000 66.000000 0 254.000000 222.000000 0 223.000000 167.000000 0 246.000000 7.000000 0 236.000000 91.000000 0 7.000000 83.000000 0 7.000000 85.000000 0 249.000000 165.000000
00028 10 0 238.000000 95.000000 0 172.000000 70.000000 0 255.000000 160.000000 0 252.000000 226.000000 0 243.000000 10.000000 0 220.000000 170.000000 0 221.000000 170.000000 0 254.000000 218.000000 0 248.000000 168.000000 0 245.000000 168.000000
00029 10 0 173.000000 66.000000 0 239.000000 92.000000 0 253.000000 222.000000 0 245.000000 7.000000 0 247.000000 164.000000 0 6.000000 83.000000 0 221.000000 167.000000 0 178.000000 157.000000 0 253.000000 216.000000 0 196.000000 101.000000
00030 10 0 241.000000 93.000000 0 175.000000 66.000000 0 255.000000 223.000000 0 223.000000 167.000000 0 254.000000 216.000000 0 246.000000 7.000000 0 7.000000 85.000000 0 249.000000 165.000000 0 248.000000 165.000000 0 234.000000 178.000000
00031 10 0 240.000000 96.000000 0 175.000000 70.000000 0 254.000000 226.000000 0 247.000000 168.000000 0 245.000000 10.000000 0 254.000000 219.000000 0 6.000000 87.000000 0 223.000000 171.000000 0 224.000000 42.000000 0 253.000000 166.000000
00032 10 0 241.000000 93.000000 0 175.000000 67.000000 0 255.000000 223.000000 0 223.000000 167.000000 0 246.000000 7.000000 0 249.000000 165.000000 0 255.000000 216.000000 0 7.000000 85.000000 0 198.000000 103.000000 0 224.000000 38.000000
00033 10 0 240.000000 96.000000 0 175.000000 70.000000 0 254.000000 226.000000 0 174.000000 70.000000 0 247.000000 168.000000 0 245.000000 10.000000 0 254.000000 219.000000 0 7.000000 87.000000 0 222.000000 170.000000 0 192.000000 196.000000
00034 10 0 240.000000 92.000000 0 173.000000 66.000000 0 245.000000 6.000000 0 253.000000 222.000000 0 222.000000 167.000000 0 6.000000 84.000000 0 178.000000 157.000000 0 247.000000 165.000000 0 248.000000 164.000000 0 253.000000 215.000000
00035 10 0 240.000000 92.000000 0 174.000000 66.000000 0 254.000000 222.000000 0 255.000000 215.000000 0 223.000000 167.000000 0 248.000000 165.000000 0 246.000000 7.000000 0 245.000000 7.000000 0 236.000000 91.000000 0 192.000000 192.000000
00036 10 0 174.000000 66.000000 0 175.000000 66.000000 0 240.000000 92.000000 0 254.000000 222.000000 0 222.000000 167.000000 0 247.000000 164.000000 0 192.000000 192.000000 0 254.000000 215.000000 0 7.000000 83.000000 0 178.000000 157.000000
00037 10 0 241.000000 95.000000 0 175.000000 69.000000 0 255.000000 224.000000 0 255.000000 218.000000 0 249.000000 167.000000 0 224.000000 169.000000 0 247.000000 9.000000 0 246.000000 9.000000 0 8.000000 86.000000 0 225.000000 41.000000
00038 10 0 175.000000 69.000000 0 241.000000 95.000000 0 255.000000 224.000000 0 223.000000 169.000000 0 246.000000 9.000000 0 255.000000 218.000000 0 249.000000 167.000000 0 199.000000 104.000000 0 179.000000 160.000000 0 7.000000 86.000000
00039 10 0 173.000000 66.000000 0 252.000000 222.000000 0 239.000000 92.000000 0 5.000000 84.000000 0 255.000000 156.000000 0 221.000000 167.000000 0 191.000000 192.000000 0 243.000000 6.000000 0 176.000000 157.000000 0 252.000000 215.000000
00040 10 0 237.000000 94.000000 0 172.000000 68.000000 0 251.000000 224.000000 0 255.000000 159.000000 0 220.000000 169.000000 0 252.000000 216.000000 0 243.000000 9.000000 0 242.000000 9.000000 0 4.000000 85.000000 0 195.000000 104.000000
00041 10 0 175.000000 68.000000 0 241.000000 94.000000 0 255.000000 225.000000 0 255.000000 218.000000 0 8.000000 87.000000 0 247.000000 9.000000 0 224.000000 169.000000 0 234.000000 180.000000 0 248.000000 167.000000 0 251.000000 167.000000
00042 10 0 240.000000 96.000000 0 174.000000 70.000000 0 175.000000 70.000000 0 254.000000 226.000000 0 247.000000 168.000000 0 222.000000 170.000000 0 253.000000 219.000000 0 245.000000 10.000000 0 6.000000 87.000000 0 178.000000 161.000000
00043 10 0 240.000000 96.000000 0 174.000000 70.000000 0 253.000000 226.000000 0 253.000000 219.000000 0 245.000000 11.000000 0 222.000000 171.000000 0 222.000000 170.000000 0 231.000000 182.000000 0 235.000000 95.000000 0 247.000000 168.000000
00044 10 0 239.000000 96.000000 0 173.000000 70.000000 0 253.000000 226.000000 0 246.000000 168.000000 0 244.000000 10.000000 0 252.000000 219.000000 0 221.000000 170.000000 0 5.000000 88.000000 0 255.000000 160.000000 0 231.000000 182.000000
00045 10 0 238.000000 95.000000 0 172.000000 69.000000 0 255.000000 160.000000 0 176.000000 160.000000 0 251.000000 225.000000 0 220.000000 170.000000 0 253.000000 218.000000 0 243.000000 10.000000 0 4.000000 87.000000 0 247.000000 167.000000
00046 10 0 240.000000 96.000000 0 174.000000 70.000000 0 254.000000 226.000000 0 222.000000 170.000000 0 247.000000 168.000000 0 245.000000 10.000000 0 7.000000 88.000000 0 254.000000 219.000000 0 178.000000 161.000000 0 192.000000 196.000000
00047 10 0 172.000000 67.000000 0 238.000000 93.000000 0 255.000000 158.000000 0 252.000000 223.000000 0 251.000000 216.000000 0 220.000000 168.000000 0 4.000000 85.000000 0 243.000000 7.000000 0 245.000000 165.000000 0 195.000000 103.000000
00048 10 0 240.000000 96.000000 0 174.000000 70.000000 0 253.000000 226.000000 0 235.000000 95.000000 0 247.000000 168.000000 0 255.000000 218.000000 0 222.000000 171.000000 0 245.000000 10.000000 0 6.000000 88.000000 0 178.000000 161.000000
00049 10 0 176.000000 66.000000 0 240.000000 92.000000 0 255.000000 222.000000 0 7.000000 84.000000 0 223.000000 167.000000 0 246.000000 7.000000 0 249.000000 165.000000 0 255.000000 215.000000 0 233.000000 179.000000 0 179.000000 158.000000
00050 10 0 237.000000 95.000000 0 255.000000 159.000000 0 172.000000 69.000000 0 251.000000 225.000000 0 251.000000 224.000000 0 242.000000 9.000000 0 220.000000 169.000000 0 245.000000 167.000000 0 251.000000 218.000000 0 4.000000 87.000000
