00001 10 0 201.000000 91.000000 0 202.000000 91.000000 0 232.000000 122.000000 0 52.000000 76.000000 0 108.000000 34.000000 0 232.000000 125.000000 0 80.000000 2.000000 0 97.000000 16.000000 0 44.000000 185.000000 0 149.000000 223.000000
00002 10 0 202.000000 91.000000 0 232.000000 122.000000 0 52.000000 75.000000 0 45.000000 180.000000 0 108.000000 34.000000 0 44.000000 185.000000 0 72.000000 44.000000 0 80.000000 2.000000 0 96.000000 16.000000 0 16.000000 106.000000
00003 10 0 202.000000 91.000000 0 52.000000 75.000000 0 232.000000 123.000000 0 108.000000 33.000000 0 45.000000 180.000000 0 149.000000 223.000000 0 79.000000 2.000000 0 88.000000 13.000000 0 16.000000 106.000000 0 44.000000 185.000000
00004 10 0 201.000000 91.000000 0 202.000000 91.000000 0 52.000000 75.000000 0 232.000000 122.000000 0 108.000000 34.000000 0 45.000000 180.000000 0 149.000000 223.000000 0 44.000000 185.000000 0 98.000000 16.000000 0 88.000000 14.000000
00005 10 0 202.000000 91.000000 0 232.000000 122.000000 0 52.000000 75.000000 0 108.000000 34.000000 0 44.000000 185.000000 0 45.000000 180.000000 0 98.000000 16.000000 0 79.000000 2.000000 0 80.000000 2.000000 0 85.000000 13.000000
00006 10 0 202.000000 91.000000 0 232.000000 123.000000 0 52.000000 75.000000 0 107.000000 34.000000 0 97.000000 16.000000 0 45.000000 180.000000 0 149.000000 223.000000 0 72.000000 44.000000 0 88.000000 14.000000 0 44.000000 185.000000
00007 10 0 202.000000 91.000000 0 232.000000 123.000000 0 52.000000 76.000000 0 16.000000 106.000000 0 108.000000 34.000000 0 45.000000 180.000000 0 98.000000 16.000000 0 97.000000 16.000000 0 44.000000 185.000000 0 149.000000 223.000000
00008 10 0 202.000000 91.000000 0 52.000000 75.000000 0 232.000000 122.000000 0 108.000000 34.000000 0 108.000000 33.000000 0 45.000000 180.000000 0 149.000000 223.000000 0 7.000000 197.000000 0 44.000000 185.000000 0 96.000000 16.000000
00009 10 0 201.000000 91.000000 0 202.000000 91.000000 0 232.000000 122.000000 0 52.000000 75.000000 0 232.000000 125.000000 0 108.000000 34.000000 0 80.000000 2.000000 0 44.000000 185.000000 0 7.000000 197.000000 0 97.000000 16.000000
00010 10 0 201.000000 91.000000 0 202.000000 91.000000 0 52.000000 75.000000 0 232.000000 122.000000 0 108.000000 34.000000 0 108.000000 33.000000 0 45.000000 180.000000 0 149.000000 223.000000 0 44.000000 185.000000 0 98.000000 16.000000
00011 10 0 202.000000 91.000000 0 232.000000 125.000000 0 52.000000 75.000000 0 231.000000 122.000000 0 46.000000 180.000000 0 108.000000 33.000000 0 44.000000 185.000000 0 149.000000 223.000000 0 148.000000 223.000000 0 161.000000 158.000000
00012 10 0 202.000000 91.000000 0 232.000000 123.000000 0 52.000000 75.000000 0 108.000000 33.000000 0 79.000000 2.000000 0 45.000000 180.000000 0 44.000000 185.000000 0 97.000000 16.000000 0 149.000000 223.000000 0 148.000000 223.000000
00013 10 0 201.000000 91.000000 0 202.000000 91.000000 0 52.000000 75.000000 0 231.000000 124.000000 0 108.000000 34.000000 0 45.000000 180.000000 0 44.000000 185.000000 0 80.000000 2.000000 0 88.000000 13.000000 0 97.000000 16.000000
00014 10 0 202.000000 91.000000 0 201.000000 91.000000 0 232.000000 122.000000 0 52.000000 75.000000 0 108.000000 34.000000 0 149.000000 223.000000 0 79.000000 2.000000 0 45.000000 180.000000 0 97.000000 16.000000 0 16.000000 106.000000
00015 10 0 202.000000 91.000000 0 52.000000 75.000000 0 232.000000 123.000000 0 108.000000 34.000000 0 97.000000 16.000000 0 44.000000 185.000000 0 6.000000 197.000000 0 85.000000 13.000000 0 149.000000 223.000000 0 88.000000 13.000000
00016 10 0 202.000000 91.000000 0 232.000000 123.000000 0 52.000000 75.000000 0 108.000000 34.000000 0 88.000000 14.000000 0 45.000000 180.000000 0 79.000000 2.000000 0 44.000000 185.000000 0 98.000000 16.000000 0 6.000000 197.000000
00017 10 0 202.000000 91.000000 0 201.000000 91.000000 0 231.000000 122.000000 0 52.000000 75.000000 0 108.000000 33.000000 0 79.000000 2.000000 0 44.000000 185.000000 0 45.000000 180.000000 0 88.000000 14.000000 0 97.000000 16.000000
00018 10 0 202.000000 91.000000 0 232.000000 123.000000 0 52.000000 75.000000 0 108.000000 33.000000 0 80.000000 2.000000 0 149.000000 223.000000 0 97.000000 16.000000 0 44.000000 185.000000 0 45.000000 180.000000 0 85.000000 13.000000
00019 10 0 202.000000 91.000000 0 231.000000 124.000000 0 52.000000 75.000000 0 108.000000 34.000000 0 45.000000 180.000000 0 44.000000 185.000000 0 16.000000 106.000000 0 98.000000 16.000000 0 79.000000 2.000000 0 85.000000 13.000000
00020 10 0 202.000000 91.000000 0 201.000000 91.000000 0 232.000000 122.000000 0 52.000000 75.000000 0 232.000000 125.000000 0 107.000000 34.000000 0 97.000000 16.000000 0 72.000000 44.000000 0 79.000000 2.000000 0 88.000000 14.000000
00021 10 0 202.000000 91.000000 0 52.000000 75.000000 0 231.000000 122.000000 0 232.000000 125.000000 0 108.000000 34.000000 0 45.000000 180.000000 0 44.000000 185.000000 0 88.000000 14.000000 0 97.000000 15.000000 0 79.000000 2.000000
00022 10 0 202.000000 91.000000 0 52.000000 75.000000 0 231.000000 124.000000 0 108.000000 34.000000 0 97.000000 16.000000 0 96.000000 16.000000 0 44.000000 185.000000 0 45.000000 180.000000 0 79.000000 2.000000 0 85.000000 13.000000
00023 10 0 202.000000 91.000000 0 201.000000 91.000000 0 232.000000 123.000000 0 52.000000 75.000000 0 108.000000 34.000000 0 149.000000 223.000000 0 45.000000 180.000000 0 44.000000 185.000000 0 98.000000 16.000000 0 16.000000 106.000000
00024 10 0 202.000000 91.000000 0 52.000000 75.000000 0 231.000000 122.000000 0 108.000000 33.000000 0 98.000000 16.000000 0 149.000000 223.000000 0 44.000000 185.000000 0 45.000000 180.000000 0 79.000000 2.000000 0 79.000000 1.000000
00025 9 0 202.000000 91.000000 0 52.000000 75.000000 0 231.000000 122.000000 0 44.000000 185.000000 0 107.000000 34.000000 0 96.000000 16.000000 0 45.000000 180.000000 0 88.000000 14.000000 0 149.000000 223.000000
00026 10 0 202.000000 91.000000 0 232.000000 123.000000 0 52.000000 76.000000 0 52.000000 75.000000 0 108.000000 34.000000 0 16.000000 106.000000 0 97.000000 16.000000 0 44.000000 185.000000 0 88.000000 14.000000 0 45.000000 180.000000
00027 10 0 202.000000 91.000000 0 52.000000 75.000000 0 231.000000 124.000000 0 108.000000 34.000000 0 44.000000 185.000000 0 98.000000 16.000000 0 72.000000 44.000000 0 45.000000 180.000000 0 26.000000 235.000000 0 149.000000 223.000000
00028 10 0 202.000000 91.000000 0 232.000000 123.000000 0 52.000000 75.000000 0 108.000000 33.000000 0 79.000000 2.000000 0 45.000000 180.000000 0 96.000000 16.000000 0 149.000000 223.000000 0 44.000000 185.000000 0 74.000000 6.000000
00029 10 0 202.000000 91.000000 0 232.000000 122.000000 0 52.000000 75.000000 0 108.000000 34.000000 0 88.000000 14.000000 0 44.000000 185.000000 0 149.000000 223.000000 0 98.000000 16.000000 0 45.000000 180.000000 0 80.000000 2.000000
00030 10 0 202.000000 91.000000 0 52.000000 75.000000 0 231.000000 124.000000 0 108.000000 33.000000 0 149.000000 223.000000 0 97.000000 16.000000 0 44.000000 185.000000 0 72.000000 44.000000 0 45.000000 180.000000 0 88.000000 14.000000
00031 10 0 202.000000 91.000000 0 52.000000 75.000000 0 108.000000 34.000000 0 231.000000 124.000000 0 44.000000 185.000000 0 45.000000 180.000000 0 97.000000 16.000000 0 16.000000 106.000000 0 149.000000 223.000000 0 72.000000 44.000000
00032 10 0 202.000000 91.000000 0 52.000000 75.000000 0 232.000000 122.000000 0 108.000000 34.000000 0 45.000000 180.000000 0 98.000000 16.000000 0 44.000000 185.000000 0 79.000000 2.000000 0 85.000000 13.000000 0 148.000000 223.000000
00033 10 0 202.000000 91.000000 0 232.000000 123.000000 0 52.000000 76.000000 0 108.000000 33.000000 0 98.000000 16.000000 0 45.000000 180.000000 0 97.000000 16.000000 0 80.000000 2.000000 0 85.000000 13.000000 0 16.000000 106.000000
00034 10 0 202.000000 91.000000 0 52.000000 75.000000 0 232.000000 122.000000 0 108.000000 34.000000 0 44.000000 185.000000 0 88.000000 13.000000 0 72.000000 44.000000 0 96.000000 16.000000 0 148.000000 223.000000 0 45.000000 180.000000
00035 10 0 202.000000 91.000000 0 231.000000 124.000000 0 232.000000 122.000000 0 52.000000 75.000000 0 46.000000 180.000000 0 108.000000 33.000000 0 44.000000 185.000000 0 16.000000 106.000000 0 98.000000 16.000000 0 149.000000 223.000000
00036 10 0 202.000000 91.000000 0 52.000000 75.000000 0 232.000000 123.000000 0 108.000000 33.000000 0 97.000000 16.000000 0 45.000000 180.000000 0 44.000000 185.000000 0 79.000000 2.000000 0 80.000000 2.000000 0 149.000000 223.000000
00037 10 0 202.000000 91.000000 0 52.000000 75.000000 0 232.000000 123.000000 0 108.000000 34.000000 0 149.000000 223.000000 0 44.000000 185.000000 0 16.000000 106.000000 0 79.000000 2.000000 0 45.000000 180.000000 0 88.000000 14.000000
00038 10 0 202.000000 91.000000 0 52.000000 75.000000 0 231.000000 124.000000 0 44.000000 185.000000 0 107.000000 34.000000 0 45.000000 180.000000 0 98.000000 16.000000 0 26.000000 235.000000 0 16.000000 106.000000 0 85.000000 13.000000
00039 10 0 202.000000 91.000000 0 52.000000 75.000000 0 231.000000 124.000000 0 108.000000 33.000000 0 108.000000 34.000000 0 107.000000 34.000000 0 45.000000 180.000000 0 79.000000 2.000000 0 44.000000 185.000000 0 149.000000 223.000000
00040 10 0 202.000000 91.000000 0 52.000000 75.000000 0 232.000000 123.000000 0 149.000000 223.000000 0 108.000000 33.000000 0 45.000000 180.000000 0 44.000000 185.000000 0 6.000000 197.000000 0 95.000000 16.000000 0 16.000000 106.000000
00041 10 0 202.000000 91.000000 0 232.000000 122.000000 0 52.000000 76.000000 0 108.000000 34.000000 0 149.000000 223.000000 0 44.000000 185.000000 0 98.000000 16.000000 0 97.000000 15.000000 0 6.000000 197.000000 0 85.000000 13.000000
00042 10 0 202.000000 91.000000 0 201.000000 91.000000 0 52.000000 75.000000 0 232.000000 123.000000 0 107.000000 34.000000 0 45.000000 180.000000 0 44.000000 185.000000 0 79.000000 2.000000 0 85.000000 13.000000 0 97.000000 16.000000
00043 10 0 202.000000 91.000000 0 232.000000 123.000000 0 52.000000 75.000000 0 108.000000 34.000000 0 44.000000 185.000000 0 97.000000 16.000000 0 85.000000 13.000000 0 79.000000 2.000000 0 149.000000 223.000000 0 45.000000 180.000000
00044 10 0 202.000000 91.000000 0 232.000000 123.000000 0 52.000000 76.000000 0 52.000000 75.000000 0 108.000000 34.000000 0 149.000000 223.000000 0 98.000000 16.000000 0 45.000000 180.000000 0 44.000000 185.000000 0 79.000000 2.000000
00045 10 0 202.000000 91.000000 0 231.000000 124.000000 0 52.000000 75.000000 0 108.000000 34.000000 0 149.000000 223.000000 0 44.000000 185.000000 0 72.000000 44.000000 0 97.000000 16.000000 0 88.000000 13.000000 0 88.000000 14.000000
00046 10 0 202.000000 91.000000 0 231.000000 124.000000 0 52.000000 75.000000 0 107.000000 34.000000 0 88.000000 14.000000 0 44.000000 185.000000 0 98.000000 16.000000 0 97.000000 16.000000 0 149.000000 223.000000 0 79.000000 2.000000
00047 10 0 201.000000 91.000000 0 202.000000 91.000000 0 52.000000 75.000000 0 232.000000 125.000000 0 232.000000 122.000000 0 108.000000 34.000000 0 108.000000 33.000000 0 44.000000 185.000000 0 79.000000 2.000000 0 97.000000 16.000000
00048 10 0 202.000000 91.000000 0 232.000000 123.000000 0 52.000000 75.000000 0 108.000000 34.000000 0 45.000000 180.000000 0 149.000000 223.000000 0 44.000000 185.000000 0 98.000000 16.000000 0 80.000000 2.000000 0 16.000000 106.000000
00049 10 0 202.000000 91.000000 0 52.000000 75.000000 0 232.000000 123.000000 0 231.000000 124.000000 0 108.000000 33.000000 0 97.000000 16.000000 0 44.000000 185.000000 0 45.000000 180.000000 0 79.000000 2.000000 0 149.000000 223.000000
00050 10 0 202.000000 91.000000 0 52.000000 75.000000 0 231.000000 122.000000 0 44.000000 185.000000 0 16.000000 106.000000 0 107.000000 34.000000 0 97.000000 16.000000 0 45.000000 180.000000 0 7.000000 197.000000 0 149.000000 223.000000
