00001 10 0 245.000000 234.000000 0 245.000000 233.000000 0 63.000000 141.000000 0 64.000000 136.000000 0 248.000000 228.000000 0 200.000000 240.000000 0 12.000000 124.000000 0 12.000000 123.000000 0 15.000000 61.000000 0 11.000000 119.000000
00002 10 0 245.000000 232.000000 0 200.000000 240.000000 0 247.000000 229.000000 0 255.000000 141.000000 0 255.000000 142.000000 0 15.000000 61.000000 0 15.000000 60.000000 0 251.000000 211.000000 0 64.000000 136.000000 0 3.000000 177.000000
00003 10 0 199.000000 239.000000 0 245.000000 233.000000 0 245.000000 234.000000 0 255.000000 140.000000 0 247.000000 229.000000 0 250.000000 213.000000 0 15.000000 61.000000 0 2.000000 178.000000 0 64.000000 141.000000 0 31.000000 95.000000
00004 10 0 245.000000 233.000000 0 63.000000 141.000000 0 12.000000 119.000000 0 11.000000 119.000000 0 255.000000 140.000000 0 255.000000 139.000000 0 248.000000 228.000000 0 250.000000 233.000000 0 248.000000 229.000000 0 250.000000 232.000000
00005 10 0 245.000000 232.000000 0 245.000000 233.000000 0 245.000000 234.000000 0 248.000000 228.000000 0 248.000000 229.000000 0 199.000000 239.000000 0 255.000000 140.000000 0 172.000000 248.000000 0 12.000000 119.000000 0 15.000000 61.000000
00006 10 0 245.000000 233.000000 0 245.000000 232.000000 0 247.000000 229.000000 0 255.000000 140.000000 0 255.000000 141.000000 0 3.000000 178.000000 0 15.000000 61.000000 0 199.000000 239.000000 0 12.000000 79.000000 0 11.000000 79.000000
00007 10 0 245.000000 233.000000 0 248.000000 228.000000 0 15.000000 61.000000 0 199.000000 239.000000 0 63.000000 141.000000 0 11.000000 119.000000 0 255.000000 140.000000 0 64.000000 140.000000 0 12.000000 119.000000 0 251.000000 212.000000
00008 10 0 248.000000 228.000000 0 245.000000 232.000000 0 255.000000 140.000000 0 255.000000 141.000000 0 13.000000 63.000000 0 64.000000 136.000000 0 2.000000 178.000000 0 199.000000 239.000000 0 63.000000 141.000000 0 12.000000 127.000000
00009 10 0 245.000000 233.000000 0 248.000000 228.000000 0 255.000000 140.000000 0 250.000000 213.000000 0 12.000000 123.000000 0 12.000000 124.000000 0 65.000000 136.000000 0 15.000000 60.000000 0 15.000000 61.000000 0 196.000000 237.000000
00010 10 0 247.000000 231.000000 0 16.000000 61.000000 0 2.000000 178.000000 0 255.000000 143.000000 0 63.000000 138.000000 0 19.000000 58.000000 0 251.000000 211.000000 0 12.000000 120.000000 0 11.000000 120.000000 0 12.000000 121.000000
00011 10 0 245.000000 233.000000 0 248.000000 228.000000 0 248.000000 229.000000 0 251.000000 212.000000 0 199.000000 239.000000 0 255.000000 140.000000 0 255.000000 139.000000 0 16.000000 61.000000 0 16.000000 77.000000 0 20.000000 96.000000
00012 10 0 245.000000 233.000000 0 247.000000 229.000000 0 251.000000 212.000000 0 197.000000 238.000000 0 2.000000 178.000000 0 2.000000 179.000000 0 63.000000 141.000000 0 12.000000 119.000000 0 250.000000 232.000000 0 255.000000 141.000000
00013 10 0 245.000000 233.000000 0 248.000000 228.000000 0 255.000000 140.000000 0 15.000000 61.000000 0 15.000000 60.000000 0 196.000000 237.000000 0 197.000000 237.000000 0 197.000000 238.000000 0 12.000000 127.000000 0 11.000000 127.000000
00014 10 0 245.000000 232.000000 0 245.000000 233.000000 0 199.000000 239.000000 0 255.000000 140.000000 0 255.000000 139.000000 0 65.000000 136.000000 0 64.000000 140.000000 0 251.000000 211.000000 0 251.000000 212.000000 0 12.000000 63.000000
00015 10 0 245.000000 232.000000 0 245.000000 233.000000 0 255.000000 140.000000 0 2.000000 178.000000 0 251.000000 211.000000 0 12.000000 242.000000 0 16.000000 77.000000 0 250.000000 232.000000 0 65.000000 136.000000 0 12.000000 127.000000
00016 10 0 245.000000 233.000000 0 245.000000 232.000000 0 12.000000 119.000000 0 248.000000 234.000000 0 15.000000 61.000000 0 255.000000 140.000000 0 65.000000 136.000000 0 27.000000 136.000000 0 251.000000 211.000000 0 251.000000 212.000000
00017 10 0 245.000000 233.000000 0 247.000000 229.000000 0 2.000000 179.000000 0 12.000000 119.000000 0 15.000000 61.000000 0 15.000000 60.000000 0 64.000000 140.000000 0 63.000000 138.000000 0 255.000000 140.000000 0 197.000000 238.000000
00018 10 0 245.000000 232.000000 0 3.000000 178.000000 0 12.000000 119.000000 0 11.000000 119.000000 0 255.000000 140.000000 0 12.000000 127.000000 0 12.000000 126.000000 0 15.000000 61.000000 0 255.000000 139.000000 0 11.000000 127.000000
00019 10 0 245.000000 233.000000 0 245.000000 232.000000 0 248.000000 228.000000 0 199.000000 239.000000 0 15.000000 61.000000 0 255.000000 140.000000 0 63.000000 138.000000 0 255.000000 139.000000 0 12.000000 127.000000 0 11.000000 127.000000
00020 10 0 245.000000 233.000000 0 245.000000 232.000000 0 248.000000 228.000000 0 15.000000 61.000000 0 65.000000 136.000000 0 63.000000 138.000000 0 255.000000 140.000000 0 28.000000 136.000000 0 27.000000 136.000000 0 198.000000 238.000000
00021 10 0 245.000000 232.000000 0 245.000000 233.000000 0 199.000000 239.000000 0 248.000000 228.000000 0 15.000000 60.000000 0 15.000000 61.000000 0 250.000000 232.000000 0 255.000000 140.000000 0 255.000000 139.000000 0 63.000000 141.000000
00022 10 0 245.000000 233.000000 0 245.000000 232.000000 0 199.000000 239.000000 0 63.000000 141.000000 0 15.000000 61.000000 0 12.000000 119.000000 0 12.000000 242.000000 0 11.000000 119.000000 0 65.000000 136.000000 0 251.000000 211.000000
00023 10 0 245.000000 233.000000 0 248.000000 229.000000 0 251.000000 211.000000 0 255.000000 140.000000 0 3.000000 178.000000 0 199.000000 239.000000 0 12.000000 127.000000 0 11.000000 127.000000 0 12.000000 126.000000 0 15.000000 62.000000
00024 10 0 245.000000 233.000000 0 199.000000 239.000000 0 255.000000 139.000000 0 255.000000 140.000000 0 248.000000 228.000000 0 12.000000 119.000000 0 15.000000 61.000000 0 15.000000 60.000000 0 20.000000 95.000000 0 65.000000 137.000000
00025 10 0 247.000000 231.000000 0 245.000000 234.000000 0 255.000000 140.000000 0 251.000000 211.000000 0 199.000000 238.000000 0 199.000000 239.000000 0 198.000000 238.000000 0 12.000000 133.000000 0 65.000000 136.000000 0 13.000000 128.000000
00026 10 0 245.000000 233.000000 0 245.000000 234.000000 0 245.000000 232.000000 0 246.000000 233.000000 0 199.000000 239.000000 0 255.000000 140.000000 0 248.000000 228.000000 0 63.000000 138.000000 0 12.000000 119.000000 0 11.000000 119.000000
00027 10 0 245.000000 233.000000 0 15.000000 62.000000 0 15.000000 61.000000 0 255.000000 140.000000 0 248.000000 228.000000 0 63.000000 141.000000 0 63.000000 138.000000 0 2.000000 178.000000 0 12.000000 126.000000 0 28.000000 136.000000
00028 10 0 245.000000 232.000000 0 245.000000 233.000000 0 197.000000 238.000000 0 15.000000 61.000000 0 255.000000 140.000000 0 11.000000 119.000000 0 248.000000 228.000000 0 12.000000 119.000000 0 63.000000 140.000000 0 12.000000 122.000000
00029 10 0 245.000000 234.000000 0 245.000000 233.000000 0 245.000000 232.000000 0 15.000000 61.000000 0 255.000000 140.000000 0 63.000000 138.000000 0 197.000000 238.000000 0 251.000000 210.000000 0 249.000000 234.000000 0 12.000000 126.000000
00030 10 0 245.000000 233.000000 0 246.000000 232.000000 0 247.000000 232.000000 0 247.000000 229.000000 0 255.000000 140.000000 0 251.000000 212.000000 0 11.000000 119.000000 0 63.000000 138.000000 0 12.000000 119.000000 0 63.000000 141.000000
00031 10 0 247.000000 232.000000 0 246.000000 232.000000 0 245.000000 233.000000 0 63.000000 141.000000 0 247.000000 229.000000 0 15.000000 60.000000 0 15.000000 61.000000 0 255.000000 140.000000 0 199.000000 239.000000 0 65.000000 136.000000
00032 10 0 245.000000 233.000000 0 247.000000 229.000000 0 3.000000 178.000000 0 199.000000 240.000000 0 13.000000 63.000000 0 255.000000 140.000000 0 251.000000 211.000000 0 251.000000 212.000000 0 12.000000 119.000000 0 28.000000 120.000000
00033 10 0 245.000000 233.000000 0 245.000000 232.000000 0 248.000000 228.000000 0 251.000000 212.000000 0 15.000000 62.000000 0 12.000000 119.000000 0 255.000000 140.000000 0 11.000000 119.000000 0 196.000000 237.000000 0 199.000000 239.000000
00034 10 0 245.000000 233.000000 0 245.000000 232.000000 0 200.000000 240.000000 0 249.000000 234.000000 0 255.000000 140.000000 0 63.000000 141.000000 0 65.000000 136.000000 0 172.000000 248.000000 0 12.000000 119.000000 0 171.000000 248.000000
00035 10 0 63.000000 141.000000 0 246.000000 232.000000 0 245.000000 233.000000 0 3.000000 178.000000 0 255.000000 139.000000 0 255.000000 140.000000 0 13.000000 63.000000 0 12.000000 127.000000 0 12.000000 126.000000 0 12.000000 242.000000
00036 10 0 245.000000 233.000000 0 15.000000 61.000000 0 196.000000 237.000000 0 197.000000 237.000000 0 248.000000 229.000000 0 66.000000 138.000000 0 65.000000 136.000000 0 248.000000 228.000000 0 3.000000 178.000000 0 12.000000 133.000000
00037 10 0 246.000000 232.000000 0 245.000000 233.000000 0 255.000000 139.000000 0 255.000000 140.000000 0 199.000000 239.000000 0 15.000000 61.000000 0 2.000000 178.000000 0 12.000000 126.000000 0 63.000000 137.000000 0 12.000000 127.000000
00038 10 0 245.000000 233.000000 0 245.000000 232.000000 0 248.000000 228.000000 0 3.000000 178.000000 0 251.000000 212.000000 0 15.000000 61.000000 0 15.000000 60.000000 0 12.000000 119.000000 0 255.000000 140.000000 0 63.000000 141.000000
00039 10 0 246.000000 232.000000 0 245.000000 233.000000 0 248.000000 228.000000 0 199.000000 239.000000 0 15.000000 60.000000 0 15.000000 61.000000 0 252.000000 211.000000 0 251.000000 211.000000 0 255.000000 140.000000 0 23.000000 119.000000
00040 10 0 245.000000 233.000000 0 245.000000 232.000000 0 199.000000 239.000000 0 198.000000 239.000000 0 255.000000 140.000000 0 249.000000 234.000000 0 63.000000 140.000000 0 15.000000 61.000000 0 247.000000 228.000000 0 65.000000 136.000000
00041 10 0 199.000000 239.000000 0 245.000000 233.000000 0 245.000000 232.000000 0 248.000000 228.000000 0 255.000000 140.000000 0 12.000000 124.000000 0 65.000000 136.000000 0 12.000000 123.000000 0 64.000000 140.000000 0 240.000000 148.000000
00042 10 0 245.000000 232.000000 0 63.000000 138.000000 0 248.000000 229.000000 0 197.000000 238.000000 0 2.000000 178.000000 0 255.000000 141.000000 0 255.000000 140.000000 0 20.000000 98.000000 0 15.000000 61.000000 0 12.000000 127.000000
00043 10 0 245.000000 233.000000 0 248.000000 228.000000 0 251.000000 212.000000 0 255.000000 141.000000 0 255.000000 140.000000 0 65.000000 136.000000 0 196.000000 237.000000 0 15.000000 61.000000 0 16.000000 60.000000 0 3.000000 178.000000
00044 10 0 246.000000 232.000000 0 245.000000 233.000000 0 247.000000 232.000000 0 199.000000 239.000000 0 65.000000 136.000000 0 2.000000 178.000000 0 15.000000 61.000000 0 255.000000 140.000000 0 251.000000 212.000000 0 12.000000 119.000000
00045 10 0 245.000000 233.000000 0 12.000000 242.000000 0 248.000000 229.000000 0 15.000000 61.000000 0 248.000000 228.000000 0 15.000000 60.000000 0 172.000000 248.000000 0 199.000000 239.000000 0 65.000000 136.000000 0 11.000000 119.000000
00046 10 0 245.000000 232.000000 0 245.000000 233.000000 0 248.000000 234.000000 0 15.000000 61.000000 0 15.000000 60.000000 0 252.000000 211.000000 0 251.000000 211.000000 0 255.000000 140.000000 0 255.000000 139.000000 0 64.000000 140.000000
00047 10 0 246.000000 232.000000 0 245.000000 233.000000 0 247.000000 232.000000 0 2.000000 179.000000 0 255.000000 141.000000 0 255.000000 140.000000 0 13.000000 63.000000 0 14.000000 63.000000 0 247.000000 229.000000 0 247.000000 228.000000
00048 10 0 245.000000 232.000000 0 245.000000 233.000000 0 15.000000 61.000000 0 247.000000 229.000000 0 248.000000 229.000000 0 12.000000 123.000000 0 12.000000 241.000000 0 251.000000 212.000000 0 12.000000 124.000000 0 251.000000 211.000000
00049 10 0 245.000000 232.000000 0 245.000000 233.000000 0 199.000000 239.000000 0 249.000000 234.000000 0 255.000000 140.000000 0 248.000000 228.000000 0 64.000000 140.000000 0 12.000000 119.000000 0 12.000000 241.000000 0 15.000000 61.000000
00050 10 0 245.000000 232.000000 0 245.000000 233.000000 0 248.000000 228.000000 0 255.000000 140.000000 0 255.000000 141.000000 0 2.000000 178.000000 0 251.000000 212.000000 0 15.000000 60.000000 0 196.000000 237.000000 0 15.000000 61.000000
