00001 10 0 255.000000 163.000000 0 160.000000 247.000000 0 160.000000 253.000000 0 160.000000 242.000000 0 156.000000 248.000000 0 157.000000 239.000000 0 251.000000 157.000000 0 156.000000 239.000000 0 252.000000 156.000000 0 252.000000 157.000000
00002 10 0 253.000000 159.000000 0 144.000000 231.000000 0 255.000000 168.000000 0 223.000000 192.000000 0 160.000000 250.000000 0 157.000000 244.000000 0 158.000000 244.000000 0 160.000000 255.000000 0 234.000000 128.000000 0 248.000000 157.000000
00003 10 0 254.000000 158.000000 0 163.000000 249.000000 0 161.000000 252.000000 0 166.000000 252.000000 0 253.000000 154.000000 0 162.000000 255.000000 0 223.000000 185.000000 0 160.000000 249.000000 0 221.000000 194.000000 0 221.000000 193.000000
00004 10 0 251.000000 161.000000 0 251.000000 160.000000 0 255.000000 160.000000 0 255.000000 161.000000 0 163.000000 253.000000 0 251.000000 155.000000 0 204.000000 165.000000 0 159.000000 250.000000 0 184.000000 43.000000 0 222.000000 194.000000
00005 10 0 255.000000 158.000000 0 255.000000 157.000000 0 163.000000 248.000000 0 163.000000 249.000000 0 163.000000 250.000000 0 255.000000 162.000000 0 255.000000 161.000000 0 145.000000 231.000000 0 160.000000 255.000000 0 251.000000 157.000000
00006 10 0 253.000000 160.000000 0 161.000000 252.000000 0 162.000000 251.000000 0 143.000000 224.000000 0 160.000000 255.000000 0 161.000000 245.000000 0 144.000000 231.000000 0 163.000000 248.000000 0 221.000000 183.000000 0 159.000000 239.000000
00007 10 0 254.000000 160.000000 0 254.000000 161.000000 0 223.000000 184.000000 0 154.000000 240.000000 0 254.000000 165.000000 0 160.000000 247.000000 0 161.000000 250.000000 0 160.000000 250.000000 0 162.000000 250.000000 0 152.000000 247.000000
00008 10 0 255.000000 160.000000 0 160.000000 255.000000 0 252.000000 156.000000 0 163.000000 253.000000 0 159.000000 250.000000 0 255.000000 168.000000 0 189.000000 47.000000 0 221.000000 192.000000 0 153.000000 232.000000 0 152.000000 232.000000
00009 10 0 164.000000 252.000000 0 255.000000 160.000000 0 254.000000 155.000000 0 253.000000 155.000000 0 161.000000 249.000000 0 145.000000 229.000000 0 160.000000 249.000000 0 159.000000 253.000000 0 163.000000 246.000000 0 239.000000 138.000000
00010 10 0 255.000000 160.000000 0 255.000000 163.000000 0 162.000000 255.000000 0 255.000000 166.000000 0 144.000000 232.000000 0 160.000000 249.000000 0 208.000000 165.000000 0 251.000000 155.000000 0 157.000000 248.000000 0 151.000000 248.000000
00011 10 0 255.000000 159.000000 0 223.000000 191.000000 0 255.000000 163.000000 0 247.000000 186.000000 0 255.000000 162.000000 0 162.000000 247.000000 0 144.000000 232.000000 0 143.000000 229.000000 0 255.000000 154.000000 0 187.000000 40.000000
00012 10 0 255.000000 163.000000 0 159.000000 251.000000 0 255.000000 160.000000 0 159.000000 254.000000 0 162.000000 250.000000 0 144.000000 231.000000 0 219.000000 184.000000 0 253.000000 156.000000 0 162.000000 255.000000 0 249.000000 155.000000
00013 10 0 255.000000 160.000000 0 255.000000 164.000000 0 255.000000 165.000000 0 251.000000 159.000000 0 252.000000 155.000000 0 143.000000 239.000000 0 144.000000 231.000000 0 159.000000 242.000000 0 205.000000 175.000000 0 159.000000 245.000000
00014 10 0 253.000000 159.000000 0 144.000000 231.000000 0 160.000000 249.000000 0 163.000000 253.000000 0 250.000000 156.000000 0 144.000000 228.000000 0 157.000000 250.000000 0 255.000000 162.000000 0 221.000000 194.000000 0 248.000000 152.000000
00015 10 0 255.000000 160.000000 0 141.000000 232.000000 0 157.000000 247.000000 0 162.000000 255.000000 0 152.000000 245.000000 0 144.000000 232.000000 0 252.000000 155.000000 0 251.000000 155.000000 0 157.000000 242.000000 0 239.000000 13.000000
00016 10 0 158.000000 252.000000 0 158.000000 248.000000 0 252.000000 159.000000 0 152.000000 240.000000 0 252.000000 156.000000 0 248.000000 156.000000 0 153.000000 248.000000 0 144.000000 234.000000 0 253.000000 163.000000 0 160.000000 245.000000
00017 10 0 255.000000 159.000000 0 255.000000 160.000000 0 162.000000 252.000000 0 157.000000 240.000000 0 251.000000 159.000000 0 165.000000 255.000000 0 250.000000 152.000000 0 144.000000 231.000000 0 253.000000 156.000000 0 159.000000 243.000000
00018 10 0 161.000000 255.000000 0 255.000000 163.000000 0 165.000000 248.000000 0 144.000000 234.000000 0 252.000000 159.000000 0 162.000000 249.000000 0 164.000000 255.000000 0 248.000000 155.000000 0 152.000000 245.000000 0 223.000000 191.000000
00019 10 0 248.000000 152.000000 0 253.000000 156.000000 0 254.000000 162.000000 0 255.000000 162.000000 0 144.000000 232.000000 0 143.000000 228.000000 0 157.000000 251.000000 0 143.000000 225.000000 0 156.000000 240.000000 0 157.000000 240.000000
00020 10 0 162.000000 254.000000 0 252.000000 159.000000 0 162.000000 248.000000 0 251.000000 156.000000 0 152.000000 240.000000 0 156.000000 248.000000 0 160.000000 244.000000 0 152.000000 245.000000 0 255.000000 232.000000 0 188.000000 40.000000
00021 10 0 255.000000 164.000000 0 252.000000 162.000000 0 255.000000 159.000000 0 152.000000 248.000000 0 143.000000 231.000000 0 252.000000 155.000000 0 251.000000 155.000000 0 253.000000 235.000000 0 162.000000 251.000000 0 162.000000 252.000000
00022 10 0 252.000000 162.000000 0 250.000000 157.000000 0 151.000000 242.000000 0 160.000000 248.000000 0 160.000000 251.000000 0 160.000000 252.000000 0 160.000000 255.000000 0 143.000000 231.000000 0 255.000000 156.000000 0 157.000000 248.000000
00023 10 0 255.000000 160.000000 0 160.000000 247.000000 0 208.000000 175.000000 0 160.000000 250.000000 0 160.000000 255.000000 0 255.000000 164.000000 0 163.000000 253.000000 0 143.000000 232.000000 0 255.000000 168.000000 0 250.000000 155.000000
00024 10 0 255.000000 162.000000 0 253.000000 154.000000 0 163.000000 252.000000 0 163.000000 251.000000 0 160.000000 252.000000 0 248.000000 152.000000 0 160.000000 251.000000 0 247.000000 186.000000 0 160.000000 244.000000 0 159.000000 247.000000
00025 10 0 253.000000 158.000000 0 253.000000 157.000000 0 252.000000 157.000000 0 255.000000 162.000000 0 159.000000 248.000000 0 222.000000 191.000000 0 155.000000 239.000000 0 159.000000 236.000000 0 159.000000 251.000000 0 252.000000 153.000000
00026 10 0 255.000000 163.000000 0 250.000000 160.000000 0 162.000000 255.000000 0 146.000000 231.000000 0 222.000000 192.000000 0 152.000000 247.000000 0 152.000000 239.000000 0 255.000000 155.000000 0 250.000000 154.000000 0 223.000000 186.000000
00027 10 0 255.000000 160.000000 0 255.000000 166.000000 0 255.000000 167.000000 0 252.000000 163.000000 0 160.000000 248.000000 0 160.000000 255.000000 0 163.000000 253.000000 0 250.000000 154.000000 0 161.000000 252.000000 0 253.000000 157.000000
00028 10 0 255.000000 161.000000 0 252.000000 160.000000 0 145.000000 233.000000 0 163.000000 246.000000 0 163.000000 250.000000 0 144.000000 224.000000 0 158.000000 248.000000 0 144.000000 230.000000 0 144.000000 229.000000 0 192.000000 47.000000
00029 10 0 255.000000 162.000000 0 252.000000 159.000000 0 159.000000 246.000000 0 160.000000 254.000000 0 156.000000 246.000000 0 160.000000 239.000000 0 152.000000 246.000000 0 162.000000 250.000000 0 156.000000 249.000000 0 163.000000 250.000000
00030 10 0 255.000000 165.000000 0 252.000000 159.000000 0 253.000000 159.000000 0 141.000000 229.000000 0 233.000000 128.000000 0 159.000000 251.000000 0 248.000000 153.000000 0 252.000000 154.000000 0 251.000000 154.000000 0 155.000000 248.000000
00031 10 0 252.000000 157.000000 0 255.000000 159.000000 0 154.000000 245.000000 0 255.000000 154.000000 0 191.000000 52.000000 0 157.000000 242.000000 0 145.000000 232.000000 0 159.000000 251.000000 0 159.000000 248.000000 0 159.000000 246.000000
00032 10 0 255.000000 159.000000 0 253.000000 162.000000 0 160.000000 255.000000 0 159.000000 250.000000 0 145.000000 232.000000 0 160.000000 247.000000 0 251.000000 155.000000 0 252.000000 155.000000 0 157.000000 241.000000 0 163.000000 250.000000
00033 10 0 255.000000 160.000000 0 251.000000 159.000000 0 160.000000 247.000000 0 255.000000 164.000000 0 181.000000 24.000000 0 222.000000 191.000000 0 253.000000 154.000000 0 221.000000 191.000000 0 252.000000 154.000000 0 252.000000 153.000000
00034 10 0 160.000000 255.000000 0 253.000000 160.000000 0 255.000000 156.000000 0 160.000000 252.000000 0 160.000000 245.000000 0 248.000000 153.000000 0 152.000000 236.000000 0 250.000000 153.000000 0 162.000000 248.000000 0 249.000000 153.000000
00035 10 0 253.000000 162.000000 0 252.000000 162.000000 0 255.000000 234.000000 0 164.000000 253.000000 0 144.000000 232.000000 0 165.000000 247.000000 0 160.000000 253.000000 0 191.000000 55.000000 0 147.000000 234.000000 0 161.000000 242.000000
00036 10 0 248.000000 159.000000 0 248.000000 154.000000 0 159.000000 252.000000 0 153.000000 241.000000 0 152.000000 241.000000 0 255.000000 164.000000 0 220.000000 195.000000 0 143.000000 233.000000 0 159.000000 248.000000 0 156.000000 248.000000
00037 10 0 162.000000 255.000000 0 143.000000 231.000000 0 255.000000 160.000000 0 157.000000 249.000000 0 252.000000 162.000000 0 255.000000 161.000000 0 250.000000 158.000000 0 255.000000 162.000000 0 162.000000 252.000000 0 253.000000 155.000000
00038 10 0 255.000000 160.000000 0 159.000000 252.000000 0 252.000000 157.000000 0 164.000000 252.000000 0 163.000000 252.000000 0 160.000000 248.000000 0 255.000000 164.000000 0 160.000000 239.000000 0 250.000000 154.000000 0 189.000000 46.000000
00039 10 0 255.000000 159.000000 0 254.000000 156.000000 0 252.000000 154.000000 0 255.000000 156.000000 0 145.000000 232.000000 0 162.000000 252.000000 0 163.000000 252.000000 0 144.000000 224.000000 0 184.000000 23.000000 0 208.000000 166.000000
00040 10 0 253.000000 160.000000 0 248.000000 152.000000 0 160.000000 250.000000 0 160.000000 251.000000 0 163.000000 247.000000 0 159.000000 239.000000 0 255.000000 163.000000 0 162.000000 247.000000 0 155.000000 241.000000 0 162.000000 255.000000
00041 10 0 255.000000 160.000000 0 159.000000 247.000000 0 162.000000 250.000000 0 162.000000 251.000000 0 221.000000 194.000000 0 254.000000 155.000000 0 250.000000 152.000000 0 237.000000 131.000000 0 250.000000 156.000000 0 156.000000 243.000000
00042 10 0 254.000000 159.000000 0 158.000000 255.000000 0 255.000000 162.000000 0 154.000000 239.000000 0 160.000000 245.000000 0 159.000000 248.000000 0 159.000000 239.000000 0 189.000000 40.000000 0 250.000000 154.000000 0 253.000000 154.000000
00043 10 0 254.000000 162.000000 0 255.000000 162.000000 0 254.000000 158.000000 0 160.000000 248.000000 0 160.000000 254.000000 0 161.000000 254.000000 0 144.000000 234.000000 0 144.000000 235.000000 0 157.000000 248.000000 0 157.000000 253.000000
00044 10 0 255.000000 157.000000 0 255.000000 156.000000 0 159.000000 251.000000 0 255.000000 164.000000 0 251.000000 155.000000 0 254.000000 160.000000 0 163.000000 252.000000 0 253.000000 160.000000 0 191.000000 44.000000 0 191.000000 56.000000
00045 10 0 255.000000 163.000000 0 254.000000 159.000000 0 160.000000 247.000000 0 160.000000 252.000000 0 251.000000 155.000000 0 188.000000 48.000000 0 144.000000 234.000000 0 165.000000 255.000000 0 151.000000 240.000000 0 255.000000 155.000000
00046 10 0 255.000000 159.000000 0 143.000000 231.000000 0 162.000000 255.000000 0 253.000000 162.000000 0 215.000000 184.000000 0 162.000000 250.000000 0 162.000000 251.000000 0 146.000000 234.000000 0 251.000000 155.000000 0 156.000000 248.000000
00047 10 0 255.000000 163.000000 0 255.000000 162.000000 0 163.000000 253.000000 0 144.000000 231.000000 0 156.000000 247.000000 0 156.000000 240.000000 0 253.000000 154.000000 0 253.000000 155.000000 0 191.000000 51.000000 0 250.000000 154.000000
00048 10 0 255.000000 162.000000 0 255.000000 161.000000 0 144.000000 232.000000 0 255.000000 157.000000 0 252.000000 160.000000 0 221.000000 183.000000 0 248.000000 154.000000 0 159.000000 252.000000 0 159.000000 253.000000 0 192.000000 47.000000
00049 10 0 255.000000 164.000000 0 143.000000 232.000000 0 252.000000 160.000000 0 162.000000 253.000000 0 159.000000 255.000000 0 188.000000 39.000000 0 159.000000 250.000000 0 192.000000 46.000000 0 161.000000 247.000000 0 221.000000 194.000000
00050 10 0 255.000000 160.000000 0 162.000000 252.000000 0 145.000000 231.000000 0 144.000000 231.000000 0 161.000000 248.000000 0 251.000000 156.000000 0 251.000000 157.000000 0 159.000000 245.000000 0 159.000000 244.000000 0 152.000000 231.000000
