00001 10 0 232.000000 40.000000 0 235.000000 40.000000 0 21.000000 50.000000 0 136.000000 174.000000 0 255.000000 19.000000 0 255.000000 20.000000 0 222.000000 41.000000 0 221.000000 41.000000 0 216.000000 40.000000 0 248.000000 29.000000
00002 10 0 234.000000 40.000000 0 231.000000 40.000000 0 221.000000 42.000000 0 222.000000 41.000000 0 255.000000 20.000000 0 231.000000 31.000000 0 26.000000 37.000000 0 136.000000 174.000000 0 254.000000 26.000000 0 90.000000 187.000000
00003 10 0 234.000000 40.000000 0 234.000000 39.000000 0 231.000000 40.000000 0 255.000000 20.000000 0 241.000000 29.000000 0 252.000000 30.000000 0 221.000000 42.000000 0 135.000000 174.000000 0 135.000000 175.000000 0 223.000000 39.000000
00004 10 0 234.000000 39.000000 0 233.000000 39.000000 0 223.000000 39.000000 0 255.000000 19.000000 0 135.000000 173.000000 0 226.000000 39.000000 0 242.000000 28.000000 0 140.000000 175.000000 0 239.000000 29.000000 0 229.000000 40.000000
00005 10 0 224.000000 39.000000 0 233.000000 39.000000 0 234.000000 39.000000 0 255.000000 20.000000 0 143.000000 118.000000 0 215.000000 39.000000 0 221.000000 40.000000 0 135.000000 173.000000 0 26.000000 36.000000 0 140.000000 174.000000
00006 10 0 233.000000 39.000000 0 234.000000 39.000000 0 255.000000 20.000000 0 223.000000 39.000000 0 223.000000 23.000000 0 223.000000 238.000000 0 255.000000 26.000000 0 219.000000 38.000000 0 91.000000 186.000000 0 128.000000 12.000000
00007 10 0 234.000000 40.000000 0 255.000000 20.000000 0 141.000000 175.000000 0 221.000000 41.000000 0 135.000000 173.000000 0 21.000000 50.000000 0 184.000000 43.000000 0 242.000000 28.000000 0 242.000000 29.000000 0 26.000000 37.000000
00008 10 0 234.000000 39.000000 0 231.000000 40.000000 0 21.000000 51.000000 0 216.000000 39.000000 0 21.000000 50.000000 0 143.000000 119.000000 0 255.000000 20.000000 0 242.000000 29.000000 0 222.000000 39.000000 0 135.000000 175.000000
00009 10 0 135.000000 175.000000 0 235.000000 38.000000 0 215.000000 40.000000 0 143.000000 118.000000 0 255.000000 26.000000 0 223.000000 40.000000 0 234.000000 41.000000 0 222.000000 41.000000 0 222.000000 40.000000 0 135.000000 172.000000
00010 10 0 234.000000 38.000000 0 255.000000 19.000000 0 26.000000 36.000000 0 224.000000 40.000000 0 255.000000 26.000000 0 254.000000 26.000000 0 221.000000 40.000000 0 216.000000 39.000000 0 135.000000 173.000000 0 224.000000 238.000000
00011 10 0 231.000000 39.000000 0 255.000000 20.000000 0 253.000000 30.000000 0 230.000000 28.000000 0 221.000000 40.000000 0 254.000000 26.000000 0 224.000000 40.000000 0 216.000000 39.000000 0 225.000000 39.000000 0 224.000000 237.000000
00012 10 0 255.000000 20.000000 0 233.000000 39.000000 0 234.000000 39.000000 0 221.000000 41.000000 0 135.000000 173.000000 0 21.000000 51.000000 0 143.000000 118.000000 0 216.000000 39.000000 0 243.000000 28.000000 0 254.000000 26.000000
00013 10 0 234.000000 39.000000 0 139.000000 175.000000 0 255.000000 20.000000 0 223.000000 39.000000 0 221.000000 42.000000 0 215.000000 40.000000 0 135.000000 173.000000 0 143.000000 118.000000 0 21.000000 50.000000 0 143.000000 175.000000
00014 10 0 233.000000 39.000000 0 232.000000 39.000000 0 255.000000 20.000000 0 21.000000 50.000000 0 255.000000 19.000000 0 223.000000 39.000000 0 216.000000 39.000000 0 231.000000 29.000000 0 224.000000 25.000000 0 239.000000 29.000000
00015 10 0 234.000000 40.000000 0 221.000000 42.000000 0 242.000000 30.000000 0 218.000000 40.000000 0 248.000000 28.000000 0 232.000000 186.000000 0 226.000000 40.000000 0 255.000000 25.000000 0 255.000000 26.000000 0 224.000000 24.000000
00016 10 0 234.000000 40.000000 0 255.000000 19.000000 0 135.000000 173.000000 0 221.000000 41.000000 0 255.000000 25.000000 0 90.000000 187.000000 0 216.000000 40.000000 0 23.000000 39.000000 0 223.000000 38.000000 0 243.000000 24.000000
00017 10 0 216.000000 39.000000 0 234.000000 39.000000 0 231.000000 39.000000 0 255.000000 20.000000 0 232.000000 31.000000 0 224.000000 40.000000 0 221.000000 42.000000 0 221.000000 41.000000 0 21.000000 50.000000 0 135.000000 174.000000
00018 10 0 232.000000 40.000000 0 233.000000 40.000000 0 143.000000 118.000000 0 255.000000 20.000000 0 223.000000 41.000000 0 21.000000 51.000000 0 135.000000 173.000000 0 21.000000 50.000000 0 237.000000 29.000000 0 184.000000 43.000000
00019 10 0 234.000000 39.000000 0 224.000000 40.000000 0 222.000000 42.000000 0 224.000000 24.000000 0 135.000000 174.000000 0 255.000000 20.000000 0 216.000000 40.000000 0 213.000000 43.000000 0 90.000000 187.000000 0 27.000000 36.000000
00020 10 0 231.000000 40.000000 0 21.000000 50.000000 0 224.000000 40.000000 0 255.000000 19.000000 0 215.000000 41.000000 0 139.000000 173.000000 0 140.000000 174.000000 0 140.000000 173.000000 0 221.000000 42.000000 0 251.000000 30.000000
00021 10 0 255.000000 20.000000 0 234.000000 39.000000 0 231.000000 40.000000 0 254.000000 26.000000 0 220.000000 40.000000 0 143.000000 118.000000 0 135.000000 173.000000 0 221.000000 40.000000 0 248.000000 29.000000 0 226.000000 40.000000
00022 10 0 255.000000 19.000000 0 233.000000 39.000000 0 21.000000 50.000000 0 135.000000 174.000000 0 221.000000 40.000000 0 221.000000 41.000000 0 231.000000 28.000000 0 255.000000 25.000000 0 224.000000 41.000000 0 139.000000 174.000000
00023 10 0 234.000000 40.000000 0 224.000000 40.000000 0 254.000000 26.000000 0 216.000000 39.000000 0 135.000000 173.000000 0 255.000000 19.000000 0 221.000000 40.000000 0 237.000000 28.000000 0 237.000000 29.000000 0 220.000000 40.000000
00024 10 0 233.000000 40.000000 0 232.000000 40.000000 0 223.000000 39.000000 0 135.000000 175.000000 0 255.000000 18.000000 0 255.000000 19.000000 0 214.000000 40.000000 0 223.000000 26.000000 0 237.000000 29.000000 0 143.000000 118.000000
00025 10 0 234.000000 39.000000 0 255.000000 20.000000 0 231.000000 40.000000 0 222.000000 41.000000 0 221.000000 41.000000 0 130.000000 167.000000 0 224.000000 24.000000 0 136.000000 175.000000 0 135.000000 175.000000 0 208.000000 31.000000
00026 10 0 232.000000 39.000000 0 255.000000 20.000000 0 135.000000 173.000000 0 21.000000 50.000000 0 225.000000 40.000000 0 223.000000 24.000000 0 128.000000 13.000000 0 242.000000 29.000000 0 128.000000 12.000000 0 235.000000 237.000000
00027 10 0 234.000000 40.000000 0 231.000000 40.000000 0 231.000000 39.000000 0 223.000000 39.000000 0 135.000000 174.000000 0 21.000000 49.000000 0 239.000000 29.000000 0 255.000000 20.000000 0 223.000000 25.000000 0 223.000000 26.000000
00028 10 0 224.000000 39.000000 0 232.000000 40.000000 0 224.000000 24.000000 0 255.000000 20.000000 0 135.000000 173.000000 0 221.000000 41.000000 0 221.000000 42.000000 0 220.000000 41.000000 0 255.000000 26.000000 0 251.000000 30.000000
00029 10 0 233.000000 39.000000 0 235.000000 40.000000 0 255.000000 20.000000 0 223.000000 39.000000 0 135.000000 173.000000 0 143.000000 118.000000 0 215.000000 41.000000 0 21.000000 50.000000 0 91.000000 186.000000 0 113.000000 216.000000
00030 10 0 255.000000 20.000000 0 224.000000 40.000000 0 234.000000 39.000000 0 135.000000 173.000000 0 221.000000 41.000000 0 221.000000 42.000000 0 21.000000 51.000000 0 26.000000 37.000000 0 248.000000 29.000000 0 129.000000 13.000000
00031 10 0 232.000000 40.000000 0 233.000000 39.000000 0 255.000000 19.000000 0 238.000000 29.000000 0 221.000000 42.000000 0 135.000000 173.000000 0 223.000000 39.000000 0 226.000000 40.000000 0 244.000000 26.000000 0 255.000000 26.000000
00032 10 0 234.000000 39.000000 0 255.000000 22.000000 0 255.000000 19.000000 0 223.000000 40.000000 0 26.000000 37.000000 0 215.000000 40.000000 0 26.000000 36.000000 0 230.000000 40.000000 0 229.000000 40.000000 0 243.000000 28.000000
00033 10 0 223.000000 39.000000 0 233.000000 39.000000 0 136.000000 175.000000 0 242.000000 29.000000 0 242.000000 30.000000 0 241.000000 30.000000 0 255.000000 20.000000 0 255.000000 19.000000 0 221.000000 42.000000 0 218.000000 38.000000
00034 10 0 234.000000 40.000000 0 135.000000 175.000000 0 222.000000 39.000000 0 253.000000 169.000000 0 255.000000 21.000000 0 255.000000 20.000000 0 218.000000 33.000000 0 248.000000 29.000000 0 255.000000 26.000000 0 215.000000 39.000000
00035 10 0 234.000000 39.000000 0 233.000000 39.000000 0 255.000000 19.000000 0 26.000000 36.000000 0 255.000000 26.000000 0 21.000000 50.000000 0 220.000000 42.000000 0 221.000000 41.000000 0 184.000000 43.000000 0 242.000000 30.000000
00036 10 0 232.000000 40.000000 0 224.000000 39.000000 0 235.000000 40.000000 0 216.000000 39.000000 0 135.000000 173.000000 0 231.000000 31.000000 0 21.000000 50.000000 0 255.000000 20.000000 0 255.000000 26.000000 0 140.000000 174.000000
00037 10 0 232.000000 40.000000 0 224.000000 40.000000 0 27.000000 36.000000 0 26.000000 36.000000 0 221.000000 41.000000 0 255.000000 16.000000 0 235.000000 40.000000 0 184.000000 43.000000 0 135.000000 173.000000 0 255.000000 20.000000
00038 10 0 255.000000 20.000000 0 235.000000 38.000000 0 234.000000 38.000000 0 221.000000 40.000000 0 224.000000 39.000000 0 237.000000 29.000000 0 231.000000 40.000000 0 135.000000 173.000000 0 91.000000 186.000000 0 21.000000 50.000000
00039 10 0 255.000000 20.000000 0 234.000000 39.000000 0 234.000000 40.000000 0 221.000000 41.000000 0 216.000000 39.000000 0 135.000000 175.000000 0 223.000000 238.000000 0 135.000000 172.000000 0 228.000000 40.000000 0 91.000000 186.000000
00040 10 0 234.000000 39.000000 0 255.000000 18.000000 0 225.000000 40.000000 0 26.000000 37.000000 0 215.000000 41.000000 0 248.000000 28.000000 0 222.000000 42.000000 0 236.000000 29.000000 0 222.000000 41.000000 0 221.000000 41.000000
00041 10 0 235.000000 40.000000 0 234.000000 40.000000 0 221.000000 42.000000 0 255.000000 19.000000 0 255.000000 20.000000 0 21.000000 49.000000 0 135.000000 173.000000 0 21.000000 50.000000 0 252.000000 29.000000 0 96.000000 242.000000
00042 10 0 231.000000 40.000000 0 232.000000 40.000000 0 221.000000 41.000000 0 224.000000 24.000000 0 140.000000 175.000000 0 140.000000 174.000000 0 21.000000 50.000000 0 232.000000 27.000000 0 26.000000 37.000000 0 255.000000 20.000000
00043 10 0 232.000000 40.000000 0 224.000000 40.000000 0 255.000000 23.000000 0 254.000000 26.000000 0 135.000000 173.000000 0 135.000000 174.000000 0 255.000000 26.000000 0 143.000000 118.000000 0 221.000000 42.000000 0 21.000000 50.000000
00044 10 0 231.000000 40.000000 0 21.000000 50.000000 0 234.000000 40.000000 0 235.000000 40.000000 0 255.000000 20.000000 0 222.000000 40.000000 0 241.000000 29.000000 0 238.000000 29.000000 0 237.000000 29.000000 0 141.000000 175.000000
00045 10 0 221.000000 39.000000 0 233.000000 40.000000 0 113.000000 216.000000 0 255.000000 19.000000 0 135.000000 173.000000 0 90.000000 187.000000 0 91.000000 186.000000 0 143.000000 118.000000 0 128.000000 13.000000 0 255.000000 26.000000
00046 10 0 233.000000 40.000000 0 232.000000 40.000000 0 255.000000 20.000000 0 135.000000 173.000000 0 224.000000 39.000000 0 26.000000 37.000000 0 143.000000 118.000000 0 239.000000 26.000000 0 255.000000 26.000000 0 215.000000 39.000000
00047 10 0 255.000000 21.000000 0 233.000000 40.000000 0 232.000000 40.000000 0 224.000000 40.000000 0 215.000000 41.000000 0 240.000000 24.000000 0 143.000000 118.000000 0 135.000000 173.000000 0 223.000000 26.000000 0 21.000000 50.000000
00048 10 0 234.000000 39.000000 0 255.000000 18.000000 0 223.000000 39.000000 0 215.000000 40.000000 0 21.000000 50.000000 0 224.000000 24.000000 0 243.000000 26.000000 0 135.000000 174.000000 0 248.000000 29.000000 0 242.000000 29.000000
00049 10 0 233.000000 39.000000 0 135.000000 173.000000 0 221.000000 41.000000 0 223.000000 39.000000 0 255.000000 21.000000 0 140.000000 175.000000 0 255.000000 26.000000 0 241.000000 30.000000 0 226.000000 24.000000 0 239.000000 26.000000
00050 10 0 234.000000 38.000000 0 255.000000 20.000000 0 231.000000 39.000000 0 255.000000 21.000000 0 224.000000 40.000000 0 255.000000 26.000000 0 139.000000 175.000000 0 21.000000 50.000000 0 143.000000 118.000000 0 224.000000 24.000000
