00001 10 0 194.000000 202.000000 0 109.000000 234.000000 0 176.000000 183.000000 0 127.000000 224.000000 0 108.000000 231.000000 0 127.000000 228.000000 0 197.000000 207.000000 0 250.000000 40.000000 0 127.000000 239.000000 0 124.000000 243.000000
00002 10 0 193.000000 203.000000 0 108.000000 235.000000 0 108.000000 231.000000 0 128.000000 224.000000 0 127.000000 224.000000 0 127.000000 225.000000 0 127.000000 226.000000 0 129.000000 231.000000 0 176.000000 184.000000 0 183.000000 7.000000
00003 10 0 107.000000 234.000000 0 192.000000 202.000000 0 195.000000 207.000000 0 108.000000 229.000000 0 107.000000 229.000000 0 123.000000 244.000000 0 126.000000 227.000000 0 128.000000 232.000000 0 140.000000 19.000000 0 127.000000 223.000000
00004 10 0 111.000000 234.000000 0 193.000000 203.000000 0 194.000000 203.000000 0 127.000000 228.000000 0 127.000000 227.000000 0 128.000000 229.000000 0 128.000000 224.000000 0 143.000000 20.000000 0 125.000000 239.000000 0 197.000000 208.000000
00005 10 0 194.000000 202.000000 0 194.000000 203.000000 0 110.000000 235.000000 0 111.000000 235.000000 0 127.000000 227.000000 0 127.000000 228.000000 0 128.000000 224.000000 0 143.000000 19.000000 0 143.000000 20.000000 0 197.000000 208.000000
00006 10 0 108.000000 234.000000 0 195.000000 201.000000 0 195.000000 202.000000 0 194.000000 201.000000 0 127.000000 224.000000 0 197.000000 207.000000 0 142.000000 18.000000 0 151.000000 32.000000 0 176.000000 183.000000 0 124.000000 244.000000
00007 10 0 192.000000 203.000000 0 108.000000 235.000000 0 141.000000 20.000000 0 128.000000 223.000000 0 109.000000 231.000000 0 127.000000 229.000000 0 127.000000 228.000000 0 176.000000 184.000000 0 88.000000 255.000000 0 104.000000 232.000000
00008 10 0 192.000000 202.000000 0 108.000000 234.000000 0 128.000000 231.000000 0 195.000000 208.000000 0 127.000000 224.000000 0 127.000000 225.000000 0 111.000000 253.000000 0 104.000000 229.000000 0 122.000000 244.000000 0 123.000000 244.000000
00009 10 0 108.000000 233.000000 0 108.000000 234.000000 0 107.000000 234.000000 0 107.000000 233.000000 0 192.000000 202.000000 0 127.000000 226.000000 0 124.000000 229.000000 0 125.000000 229.000000 0 140.000000 18.000000 0 140.000000 19.000000
00010 10 0 195.000000 203.000000 0 108.000000 232.000000 0 108.000000 235.000000 0 110.000000 235.000000 0 109.000000 235.000000 0 128.000000 229.000000 0 128.000000 230.000000 0 128.000000 224.000000 0 197.000000 208.000000 0 141.000000 20.000000
00011 10 0 111.000000 234.000000 0 195.000000 202.000000 0 194.000000 202.000000 0 127.000000 228.000000 0 176.000000 184.000000 0 197.000000 208.000000 0 143.000000 19.000000 0 179.000000 207.000000 0 208.000000 8.000000 0 128.000000 223.000000
00012 10 0 194.000000 201.000000 0 176.000000 183.000000 0 127.000000 227.000000 0 109.000000 231.000000 0 108.000000 233.000000 0 127.000000 223.000000 0 170.000000 0.000000 0 115.000000 247.000000 0 187.000000 186.000000 0 141.000000 18.000000
00013 10 0 195.000000 203.000000 0 111.000000 234.000000 0 110.000000 234.000000 0 109.000000 234.000000 0 128.000000 224.000000 0 198.000000 208.000000 0 130.000000 231.000000 0 151.000000 32.000000 0 197.000000 208.000000 0 176.000000 183.000000
00014 10 0 194.000000 202.000000 0 127.000000 228.000000 0 128.000000 225.000000 0 109.000000 233.000000 0 110.000000 234.000000 0 111.000000 234.000000 0 109.000000 234.000000 0 127.000000 227.000000 0 128.000000 224.000000 0 88.000000 255.000000
00015 10 0 193.000000 203.000000 0 192.000000 203.000000 0 128.000000 224.000000 0 108.000000 235.000000 0 108.000000 234.000000 0 109.000000 234.000000 0 127.000000 231.000000 0 176.000000 184.000000 0 124.000000 237.000000 0 141.000000 20.000000
00016 10 0 127.000000 227.000000 0 108.000000 233.000000 0 194.000000 200.000000 0 191.000000 200.000000 0 127.000000 223.000000 0 196.000000 207.000000 0 183.000000 7.000000 0 128.000000 232.000000 0 167.000000 133.000000 0 152.000000 31.000000
00017 10 0 195.000000 203.000000 0 141.000000 20.000000 0 109.000000 233.000000 0 110.000000 233.000000 0 111.000000 233.000000 0 128.000000 225.000000 0 128.000000 226.000000 0 128.000000 229.000000 0 128.000000 230.000000 0 128.000000 231.000000
00018 10 0 193.000000 203.000000 0 107.000000 231.000000 0 192.000000 203.000000 0 141.000000 20.000000 0 109.000000 234.000000 0 126.000000 228.000000 0 122.000000 245.000000 0 128.000000 232.000000 0 252.000000 39.000000 0 251.000000 39.000000
00019 10 0 110.000000 235.000000 0 195.000000 203.000000 0 194.000000 203.000000 0 127.000000 231.000000 0 127.000000 224.000000 0 108.000000 231.000000 0 176.000000 183.000000 0 197.000000 209.000000 0 197.000000 208.000000 0 187.000000 8.000000
00020 10 0 109.000000 234.000000 0 193.000000 203.000000 0 194.000000 203.000000 0 192.000000 203.000000 0 128.000000 231.000000 0 128.000000 227.000000 0 127.000000 231.000000 0 128.000000 228.000000 0 128.000000 224.000000 0 128.000000 225.000000
00021 10 0 192.000000 203.000000 0 108.000000 232.000000 0 108.000000 235.000000 0 127.000000 228.000000 0 175.000000 184.000000 0 176.000000 202.000000 0 196.000000 208.000000 0 140.000000 19.000000 0 176.000000 207.000000 0 127.000000 224.000000
00022 10 0 194.000000 200.000000 0 127.000000 228.000000 0 108.000000 234.000000 0 108.000000 233.000000 0 109.000000 233.000000 0 197.000000 207.000000 0 197.000000 208.000000 0 142.000000 18.000000 0 106.000000 230.000000 0 106.000000 229.000000
00023 10 0 127.000000 224.000000 0 192.000000 202.000000 0 108.000000 234.000000 0 128.000000 231.000000 0 125.000000 228.000000 0 108.000000 230.000000 0 195.000000 207.000000 0 104.000000 232.000000 0 140.000000 19.000000 0 140.000000 18.000000
00024 10 0 192.000000 201.000000 0 127.000000 227.000000 0 127.000000 226.000000 0 108.000000 233.000000 0 175.000000 183.000000 0 141.000000 18.000000 0 196.000000 207.000000 0 195.000000 206.000000 0 177.000000 200.000000 0 178.000000 205.000000
00025 10 0 108.000000 234.000000 0 193.000000 202.000000 0 152.000000 96.000000 0 151.000000 31.000000 0 175.000000 183.000000 0 104.000000 232.000000 0 140.000000 19.000000 0 125.000000 231.000000 0 126.000000 230.000000 0 125.000000 230.000000
00026 10 0 108.000000 232.000000 0 194.000000 201.000000 0 127.000000 223.000000 0 127.000000 228.000000 0 196.000000 208.000000 0 123.000000 232.000000 0 183.000000 5.000000 0 200.000000 184.000000 0 141.000000 18.000000 0 176.000000 183.000000
00027 10 0 194.000000 203.000000 0 109.000000 235.000000 0 108.000000 235.000000 0 109.000000 231.000000 0 127.000000 227.000000 0 183.000000 7.000000 0 127.000000 228.000000 0 125.000000 231.000000 0 176.000000 184.000000 0 196.000000 208.000000
00028 10 0 108.000000 234.000000 0 191.000000 202.000000 0 127.000000 225.000000 0 126.000000 229.000000 0 127.000000 229.000000 0 195.000000 207.000000 0 175.000000 184.000000 0 140.000000 19.000000 0 175.000000 183.000000 0 128.000000 232.000000
00029 10 0 192.000000 203.000000 0 108.000000 235.000000 0 107.000000 235.000000 0 107.000000 231.000000 0 128.000000 231.000000 0 175.000000 184.000000 0 141.000000 20.000000 0 111.000000 255.000000 0 250.000000 41.000000 0 195.000000 208.000000
00030 10 0 192.000000 202.000000 0 108.000000 234.000000 0 108.000000 232.000000 0 108.000000 235.000000 0 195.000000 208.000000 0 125.000000 227.000000 0 127.000000 224.000000 0 122.000000 231.000000 0 123.000000 231.000000 0 175.000000 184.000000
00031 10 0 193.000000 203.000000 0 192.000000 203.000000 0 108.000000 235.000000 0 127.000000 229.000000 0 141.000000 20.000000 0 127.000000 224.000000 0 196.000000 240.000000 0 127.000000 240.000000 0 124.000000 244.000000 0 104.000000 232.000000
00032 10 0 192.000000 202.000000 0 192.000000 201.000000 0 107.000000 234.000000 0 108.000000 234.000000 0 127.000000 223.000000 0 140.000000 18.000000 0 175.000000 182.000000 0 128.000000 228.000000 0 196.000000 206.000000 0 123.000000 243.000000
00033 10 0 194.000000 203.000000 0 108.000000 235.000000 0 108.000000 231.000000 0 128.000000 227.000000 0 176.000000 184.000000 0 141.000000 20.000000 0 196.000000 208.000000 0 197.000000 208.000000 0 122.000000 245.000000 0 183.000000 7.000000
00034 10 0 128.000000 231.000000 0 109.000000 236.000000 0 112.000000 255.000000 0 194.000000 203.000000 0 193.000000 203.000000 0 193.000000 204.000000 0 194.000000 204.000000 0 108.000000 231.000000 0 106.000000 236.000000 0 127.000000 227.000000
00035 10 0 192.000000 203.000000 0 108.000000 235.000000 0 108.000000 234.000000 0 127.000000 224.000000 0 128.000000 229.000000 0 125.000000 231.000000 0 104.000000 231.000000 0 184.000000 8.000000 0 123.000000 244.000000 0 164.000000 167.000000
00036 10 0 109.000000 234.000000 0 127.000000 228.000000 0 127.000000 227.000000 0 195.000000 202.000000 0 194.000000 202.000000 0 128.000000 224.000000 0 130.000000 232.000000 0 168.000000 0.000000 0 197.000000 207.000000 0 198.000000 207.000000
00037 10 0 127.000000 228.000000 0 107.000000 235.000000 0 108.000000 235.000000 0 192.000000 203.000000 0 176.000000 184.000000 0 193.000000 203.000000 0 107.000000 232.000000 0 141.000000 20.000000 0 178.000000 207.000000 0 196.000000 209.000000
00038 10 0 111.000000 234.000000 0 195.000000 202.000000 0 127.000000 227.000000 0 106.000000 231.000000 0 197.000000 208.000000 0 184.000000 8.000000 0 124.000000 244.000000 0 154.000000 96.000000 0 127.000000 243.000000 0 167.000000 133.000000
00039 10 0 109.000000 232.000000 0 109.000000 233.000000 0 194.000000 201.000000 0 176.000000 183.000000 0 128.000000 222.000000 0 128.000000 227.000000 0 128.000000 228.000000 0 197.000000 207.000000 0 197.000000 206.000000 0 152.000000 96.000000
00040 10 0 109.000000 235.000000 0 195.000000 203.000000 0 108.000000 231.000000 0 107.000000 231.000000 0 128.000000 224.000000 0 176.000000 183.000000 0 130.000000 231.000000 0 89.000000 255.000000 0 126.000000 230.000000 0 126.000000 229.000000
00041 10 0 108.000000 234.000000 0 140.000000 18.000000 0 140.000000 19.000000 0 126.000000 228.000000 0 126.000000 227.000000 0 191.000000 202.000000 0 127.000000 223.000000 0 120.000000 245.000000 0 175.000000 183.000000 0 195.000000 208.000000
00042 10 0 192.000000 202.000000 0 108.000000 232.000000 0 127.000000 224.000000 0 126.000000 224.000000 0 127.000000 229.000000 0 128.000000 229.000000 0 184.000000 187.000000 0 140.000000 19.000000 0 140.000000 18.000000 0 103.000000 231.000000
00043 10 0 193.000000 203.000000 0 108.000000 235.000000 0 106.000000 231.000000 0 107.000000 231.000000 0 127.000000 226.000000 0 127.000000 227.000000 0 196.000000 210.000000 0 195.000000 210.000000 0 175.000000 184.000000 0 128.000000 231.000000
00044 10 0 192.000000 202.000000 0 108.000000 232.000000 0 127.000000 223.000000 0 140.000000 18.000000 0 128.000000 232.000000 0 175.000000 183.000000 0 104.000000 232.000000 0 149.000000 32.000000 0 195.000000 208.000000 0 195.000000 207.000000
00045 10 0 195.000000 202.000000 0 194.000000 201.000000 0 108.000000 232.000000 0 107.000000 232.000000 0 197.000000 208.000000 0 128.000000 224.000000 0 127.000000 224.000000 0 188.000000 0.000000 0 176.000000 183.000000 0 124.000000 243.000000
00046 10 0 108.000000 235.000000 0 192.000000 203.000000 0 127.000000 226.000000 0 127.000000 229.000000 0 108.000000 231.000000 0 104.000000 232.000000 0 141.000000 19.000000 0 123.000000 244.000000 0 151.000000 32.000000 0 196.000000 210.000000
00047 10 0 192.000000 203.000000 0 193.000000 203.000000 0 109.000000 234.000000 0 127.000000 229.000000 0 141.000000 20.000000 0 112.000000 255.000000 0 127.000000 226.000000 0 122.000000 245.000000 0 176.000000 184.000000 0 196.000000 208.000000
00048 10 0 194.000000 203.000000 0 128.000000 226.000000 0 108.000000 235.000000 0 109.000000 235.000000 0 108.000000 231.000000 0 128.000000 223.000000 0 127.000000 231.000000 0 128.000000 230.000000 0 122.000000 246.000000 0 184.000000 8.000000
00049 10 0 107.000000 234.000000 0 191.000000 200.000000 0 127.000000 223.000000 0 127.000000 226.000000 0 128.000000 228.000000 0 127.000000 227.000000 0 195.000000 207.000000 0 128.000000 229.000000 0 207.000000 7.000000 0 141.000000 18.000000
00050 10 0 127.000000 224.000000 0 107.000000 233.000000 0 128.000000 229.000000 0 192.000000 200.000000 0 196.000000 209.000000 0 140.000000 18.000000 0 151.000000 31.000000 0 176.000000 183.000000 0 156.000000 96.000000 0 87.000000 253.000000
