00001 10 0 231.000000 134.000000 0 218.000000 129.000000 0 218.000000 128.000000 0 96.000000 247.000000 0 231.000000 131.000000 0 146.000000 96.000000 0 200.000000 183.000000 0 221.000000 137.000000 0 24.000000 111.000000 0 144.000000 93.000000
00002 10 0 218.000000 128.000000 0 230.000000 134.000000 0 96.000000 247.000000 0 146.000000 96.000000 0 221.000000 137.000000 0 200.000000 183.000000 0 165.000000 224.000000 0 144.000000 93.000000 0 24.000000 111.000000 0 29.000000 107.000000
00003 10 0 230.000000 134.000000 0 218.000000 129.000000 0 96.000000 247.000000 0 146.000000 96.000000 0 221.000000 137.000000 0 200.000000 182.000000 0 144.000000 93.000000 0 165.000000 224.000000 0 90.000000 235.000000 0 29.000000 107.000000
00004 10 0 230.000000 134.000000 0 218.000000 129.000000 0 96.000000 247.000000 0 146.000000 96.000000 0 221.000000 137.000000 0 143.000000 92.000000 0 200.000000 183.000000 0 165.000000 224.000000 0 90.000000 235.000000 0 29.000000 107.000000
00005 10 0 230.000000 134.000000 0 218.000000 129.000000 0 97.000000 247.000000 0 146.000000 96.000000 0 221.000000 137.000000 0 200.000000 183.000000 0 144.000000 93.000000 0 165.000000 224.000000 0 24.000000 111.000000 0 90.000000 235.000000
00006 10 0 231.000000 134.000000 0 218.000000 129.000000 0 96.000000 247.000000 0 146.000000 96.000000 0 221.000000 137.000000 0 200.000000 183.000000 0 144.000000 93.000000 0 165.000000 224.000000 0 137.000000 91.000000 0 140.000000 92.000000
00007 10 0 230.000000 134.000000 0 219.000000 128.000000 0 96.000000 247.000000 0 146.000000 96.000000 0 221.000000 137.000000 0 200.000000 183.000000 0 144.000000 93.000000 0 166.000000 225.000000 0 90.000000 235.000000 0 140.000000 92.000000
00008 10 0 230.000000 134.000000 0 218.000000 128.000000 0 96.000000 247.000000 0 146.000000 96.000000 0 221.000000 137.000000 0 200.000000 183.000000 0 144.000000 93.000000 0 166.000000 225.000000 0 24.000000 111.000000 0 136.000000 91.000000
00009 10 0 230.000000 134.000000 0 218.000000 129.000000 0 96.000000 247.000000 0 146.000000 96.000000 0 221.000000 137.000000 0 200.000000 182.000000 0 166.000000 225.000000 0 29.000000 107.000000 0 90.000000 235.000000 0 139.000000 92.000000
00010 10 0 230.000000 134.000000 0 218.000000 129.000000 0 96.000000 247.000000 0 146.000000 96.000000 0 200.000000 183.000000 0 221.000000 137.000000 0 143.000000 92.000000 0 165.000000 224.000000 0 139.000000 91.000000 0 140.000000 91.000000
00011 10 0 218.000000 128.000000 0 230.000000 134.000000 0 96.000000 247.000000 0 146.000000 96.000000 0 200.000000 183.000000 0 221.000000 137.000000 0 144.000000 93.000000 0 166.000000 225.000000 0 29.000000 107.000000 0 139.000000 92.000000
00012 10 0 230.000000 134.000000 0 218.000000 129.000000 0 218.000000 128.000000 0 219.000000 128.000000 0 96.000000 247.000000 0 146.000000 96.000000 0 221.000000 137.000000 0 200.000000 183.000000 0 144.000000 93.000000 0 166.000000 225.000000
00013 10 0 230.000000 134.000000 0 218.000000 129.000000 0 218.000000 128.000000 0 96.000000 247.000000 0 146.000000 96.000000 0 221.000000 137.000000 0 200.000000 183.000000 0 144.000000 93.000000 0 165.000000 224.000000 0 141.000000 91.000000
00014 10 0 218.000000 129.000000 0 231.000000 134.000000 0 96.000000 247.000000 0 146.000000 96.000000 0 221.000000 137.000000 0 200.000000 183.000000 0 143.000000 92.000000 0 165.000000 224.000000 0 90.000000 235.000000 0 136.000000 92.000000
00015 10 0 230.000000 134.000000 0 218.000000 128.000000 0 96.000000 247.000000 0 146.000000 96.000000 0 221.000000 137.000000 0 200.000000 183.000000 0 144.000000 93.000000 0 24.000000 111.000000 0 165.000000 224.000000 0 90.000000 235.000000
00016 10 0 218.000000 129.000000 0 231.000000 134.000000 0 96.000000 247.000000 0 230.000000 134.000000 0 146.000000 96.000000 0 221.000000 137.000000 0 200.000000 182.000000 0 144.000000 93.000000 0 140.000000 92.000000 0 166.000000 225.000000
00017 10 0 218.000000 128.000000 0 231.000000 134.000000 0 96.000000 247.000000 0 146.000000 96.000000 0 200.000000 183.000000 0 221.000000 137.000000 0 142.000000 91.000000 0 165.000000 224.000000 0 60.000000 108.000000 0 29.000000 107.000000
00018 10 0 230.000000 134.000000 0 96.000000 247.000000 0 218.000000 129.000000 0 218.000000 128.000000 0 146.000000 96.000000 0 221.000000 137.000000 0 200.000000 183.000000 0 166.000000 225.000000 0 90.000000 235.000000 0 24.000000 111.000000
00019 10 0 218.000000 129.000000 0 231.000000 134.000000 0 96.000000 247.000000 0 146.000000 96.000000 0 200.000000 183.000000 0 221.000000 137.000000 0 166.000000 225.000000 0 24.000000 111.000000 0 90.000000 235.000000 0 139.000000 92.000000
00020 10 0 230.000000 134.000000 0 218.000000 129.000000 0 96.000000 247.000000 0 146.000000 96.000000 0 221.000000 137.000000 0 200.000000 183.000000 0 143.000000 92.000000 0 166.000000 225.000000 0 165.000000 224.000000 0 29.000000 107.000000
00021 10 0 218.000000 129.000000 0 96.000000 247.000000 0 230.000000 134.000000 0 146.000000 96.000000 0 200.000000 183.000000 0 221.000000 137.000000 0 220.000000 137.000000 0 143.000000 92.000000 0 140.000000 91.000000 0 166.000000 225.000000
00022 10 0 230.000000 134.000000 0 218.000000 129.000000 0 96.000000 247.000000 0 146.000000 96.000000 0 221.000000 137.000000 0 200.000000 183.000000 0 166.000000 225.000000 0 144.000000 93.000000 0 139.000000 92.000000 0 90.000000 235.000000
00023 10 0 230.000000 134.000000 0 218.000000 128.000000 0 219.000000 128.000000 0 218.000000 129.000000 0 96.000000 247.000000 0 146.000000 96.000000 0 200.000000 183.000000 0 221.000000 137.000000 0 143.000000 92.000000 0 166.000000 224.000000
00024 10 0 230.000000 134.000000 0 218.000000 128.000000 0 96.000000 247.000000 0 146.000000 96.000000 0 221.000000 137.000000 0 200.000000 183.000000 0 144.000000 93.000000 0 165.000000 224.000000 0 166.000000 225.000000 0 90.000000 235.000000
00025 10 0 230.000000 134.000000 0 218.000000 129.000000 0 96.000000 247.000000 0 146.000000 96.000000 0 221.000000 137.000000 0 200.000000 183.000000 0 144.000000 93.000000 0 165.000000 224.000000 0 29.000000 107.000000 0 140.000000 91.000000
00026 10 0 230.000000 134.000000 0 218.000000 129.000000 0 96.000000 247.000000 0 146.000000 96.000000 0 221.000000 137.000000 0 200.000000 182.000000 0 144.000000 93.000000 0 166.000000 225.000000 0 139.000000 92.000000 0 24.000000 111.000000
00027 10 0 230.000000 134.000000 0 218.000000 128.000000 0 96.000000 247.000000 0 146.000000 96.000000 0 221.000000 137.000000 0 200.000000 182.000000 0 144.000000 93.000000 0 166.000000 225.000000 0 90.000000 235.000000 0 140.000000 92.000000
00028 10 0 218.000000 129.000000 0 230.000000 134.000000 0 96.000000 247.000000 0 146.000000 96.000000 0 221.000000 137.000000 0 200.000000 183.000000 0 144.000000 93.000000 0 165.000000 224.000000 0 139.000000 92.000000 0 90.000000 235.000000
00029 10 0 218.000000 128.000000 0 230.000000 134.000000 0 96.000000 247.000000 0 146.000000 96.000000 0 221.000000 137.000000 0 200.000000 183.000000 0 144.000000 93.000000 0 165.000000 224.000000 0 24.000000 111.000000 0 139.000000 92.000000
00030 10 0 218.000000 128.000000 0 230.000000 134.000000 0 97.000000 247.000000 0 96.000000 247.000000 0 146.000000 96.000000 0 221.000000 137.000000 0 200.000000 183.000000 0 144.000000 93.000000 0 140.000000 92.000000 0 166.000000 225.000000
00031 10 0 230.000000 134.000000 0 218.000000 129.000000 0 218.000000 128.000000 0 96.000000 247.000000 0 146.000000 96.000000 0 221.000000 137.000000 0 200.000000 183.000000 0 144.000000 93.000000 0 165.000000 224.000000 0 141.000000 91.000000
00032 10 0 230.000000 134.000000 0 218.000000 129.000000 0 96.000000 247.000000 0 146.000000 96.000000 0 221.000000 137.000000 0 24.000000 111.000000 0 144.000000 93.000000 0 200.000000 183.000000 0 166.000000 225.000000 0 90.000000 235.000000
00033 10 0 218.000000 129.000000 0 231.000000 134.000000 0 230.000000 134.000000 0 97.000000 247.000000 0 146.000000 96.000000 0 221.000000 137.000000 0 200.000000 182.000000 0 144.000000 93.000000 0 90.000000 235.000000 0 166.000000 225.000000
00034 10 0 218.000000 129.000000 0 230.000000 134.000000 0 96.000000 247.000000 0 146.000000 96.000000 0 221.000000 137.000000 0 200.000000 183.000000 0 165.000000 224.000000 0 144.000000 93.000000 0 90.000000 235.000000 0 141.000000 91.000000
00035 10 0 230.000000 134.000000 0 219.000000 128.000000 0 218.000000 128.000000 0 96.000000 247.000000 0 146.000000 96.000000 0 221.000000 137.000000 0 200.000000 183.000000 0 144.000000 93.000000 0 165.000000 224.000000 0 24.000000 111.000000
00036 10 0 230.000000 134.000000 0 218.000000 129.000000 0 96.000000 247.000000 0 146.000000 96.000000 0 221.000000 137.000000 0 200.000000 183.000000 0 144.000000 93.000000 0 165.000000 224.000000 0 140.000000 91.000000 0 90.000000 235.000000
00037 10 0 218.000000 129.000000 0 231.000000 134.000000 0 96.000000 247.000000 0 146.000000 96.000000 0 221.000000 137.000000 0 200.000000 183.000000 0 144.000000 93.000000 0 166.000000 225.000000 0 24.000000 111.000000 0 90.000000 235.000000
00038 10 0 230.000000 134.000000 0 218.000000 129.000000 0 96.000000 247.000000 0 146.000000 96.000000 0 221.000000 137.000000 0 200.000000 183.000000 0 165.000000 224.000000 0 144.000000 93.000000 0 90.000000 235.000000 0 139.000000 92.000000
00039 10 0 218.000000 129.000000 0 230.000000 134.000000 0 96.000000 247.000000 0 146.000000 96.000000 0 221.000000 137.000000 0 200.000000 183.000000 0 165.000000 224.000000 0 144.000000 93.000000 0 90.000000 235.000000 0 29.000000 107.000000
00040 10 0 230.000000 134.000000 0 218.000000 128.000000 0 96.000000 247.000000 0 146.000000 96.000000 0 200.000000 183.000000 0 221.000000 137.000000 0 144.000000 93.000000 0 165.000000 224.000000 0 29.000000 107.000000 0 90.000000 235.000000
00041 10 0 218.000000 129.000000 0 230.000000 134.000000 0 96.000000 247.000000 0 146.000000 96.000000 0 200.000000 183.000000 0 221.000000 137.000000 0 165.000000 224.000000 0 144.000000 93.000000 0 24.000000 111.000000 0 141.000000 91.000000
00042 10 0 231.000000 134.000000 0 218.000000 128.000000 0 96.000000 247.000000 0 146.000000 96.000000 0 221.000000 137.000000 0 200.000000 183.000000 0 144.000000 93.000000 0 165.000000 224.000000 0 90.000000 235.000000 0 139.000000 92.000000
00043 10 0 218.000000 128.000000 0 231.000000 134.000000 0 96.000000 247.000000 0 146.000000 96.000000 0 221.000000 137.000000 0 144.000000 93.000000 0 200.000000 182.000000 0 165.000000 224.000000 0 29.000000 107.000000 0 90.000000 235.000000
00044 10 0 218.000000 129.000000 0 230.000000 134.000000 0 96.000000 247.000000 0 146.000000 96.000000 0 200.000000 183.000000 0 221.000000 137.000000 0 144.000000 93.000000 0 166.000000 225.000000 0 29.000000 107.000000 0 136.000000 91.000000
00045 10 0 231.000000 134.000000 0 218.000000 128.000000 0 96.000000 247.000000 0 146.000000 96.000000 0 221.000000 137.000000 0 200.000000 183.000000 0 144.000000 93.000000 0 165.000000 224.000000 0 90.000000 235.000000 0 140.000000 92.000000
00046 10 0 231.000000 134.000000 0 230.000000 134.000000 0 218.000000 129.000000 0 96.000000 247.000000 0 146.000000 96.000000 0 221.000000 137.000000 0 200.000000 183.000000 0 165.000000 224.000000 0 143.000000 92.000000 0 140.000000 91.000000
00047 10 0 218.000000 129.000000 0 230.000000 134.000000 0 96.000000 247.000000 0 146.000000 96.000000 0 221.000000 137.000000 0 200.000000 183.000000 0 144.000000 93.000000 0 165.000000 224.000000 0 90.000000 235.000000 0 139.000000 92.000000
00048 10 0 218.000000 129.000000 0 218.000000 128.000000 0 230.000000 134.000000 0 96.000000 247.000000 0 146.000000 96.000000 0 221.000000 137.000000 0 200.000000 183.000000 0 143.000000 92.000000 0 165.000000 224.000000 0 139.000000 92.000000
00049 10 0 230.000000 134.000000 0 96.000000 247.000000 0 218.000000 129.000000 0 146.000000 96.000000 0 221.000000 137.000000 0 144.000000 93.000000 0 200.000000 183.000000 0 165.000000 224.000000 0 29.000000 107.000000 0 24.000000 111.000000
00050 10 0 230.000000 134.000000 0 218.000000 129.000000 0 96.000000 247.000000 0 146.000000 96.000000 0 221.000000 137.000000 0 200.000000 182.000000 0 144.000000 93.000000 0 165.000000 224.000000 0 166.000000 225.000000 0 29.000000 107.000000
