00001 10 0 134.000000 6.000000 0 226.000000 125.000000 0 101.000000 20.000000 0 248.000000 213.000000 0 183.000000 216.000000 0 60.000000 149.000000 0 202.000000 239.000000 0 242.000000 215.000000 0 56.000000 150.000000 0 245.000000 213.000000
00002 10 0 132.000000 5.000000 0 224.000000 125.000000 0 244.000000 213.000000 0 100.000000 19.000000 0 99.000000 19.000000 0 239.000000 215.000000 0 180.000000 212.000000 0 200.000000 239.000000 0 195.000000 187.000000 0 151.000000 154.000000
00003 10 0 133.000000 8.000000 0 246.000000 215.000000 0 101.000000 21.000000 0 226.000000 127.000000 0 202.000000 241.000000 0 220.000000 15.000000 0 59.000000 151.000000 0 196.000000 189.000000 0 55.000000 161.000000 0 51.000000 24.000000
00004 10 0 133.000000 7.000000 0 133.000000 8.000000 0 100.000000 21.000000 0 246.000000 215.000000 0 248.000000 215.000000 0 225.000000 127.000000 0 219.000000 15.000000 0 241.000000 217.000000 0 181.000000 215.000000 0 202.000000 240.000000
00005 10 0 132.000000 5.000000 0 224.000000 124.000000 0 247.000000 213.000000 0 240.000000 214.000000 0 55.000000 149.000000 0 100.000000 18.000000 0 201.000000 239.000000 0 197.000000 243.000000 0 180.000000 213.000000 0 196.000000 187.000000
00006 10 0 133.000000 7.000000 0 225.000000 127.000000 0 248.000000 215.000000 0 100.000000 21.000000 0 219.000000 15.000000 0 202.000000 240.000000 0 241.000000 217.000000 0 196.000000 189.000000 0 181.000000 215.000000 0 136.000000 159.000000
00007 10 0 135.000000 4.000000 0 248.000000 212.000000 0 103.000000 18.000000 0 184.000000 214.000000 0 227.000000 124.000000 0 199.000000 242.000000 0 203.000000 237.000000 0 204.000000 237.000000 0 137.000000 154.000000 0 243.000000 213.000000
00008 10 0 133.000000 4.000000 0 100.000000 18.000000 0 201.000000 237.000000 0 202.000000 237.000000 0 242.000000 213.000000 0 59.000000 147.000000 0 245.000000 210.000000 0 225.000000 123.000000 0 63.000000 49.000000 0 135.000000 154.000000
00009 10 0 136.000000 5.000000 0 136.000000 4.000000 0 103.000000 19.000000 0 250.000000 213.000000 0 228.000000 124.000000 0 245.000000 214.000000 0 215.000000 25.000000 0 199.000000 187.000000 0 56.000000 21.000000 0 186.000000 215.000000
00010 10 0 133.000000 7.000000 0 100.000000 21.000000 0 247.000000 215.000000 0 201.000000 240.000000 0 224.000000 127.000000 0 55.000000 151.000000 0 181.000000 214.000000 0 241.000000 216.000000 0 197.000000 245.000000 0 195.000000 189.000000
00011 10 0 132.000000 5.000000 0 224.000000 125.000000 0 200.000000 239.000000 0 99.000000 19.000000 0 247.000000 213.000000 0 181.000000 214.000000 0 53.000000 149.000000 0 239.000000 215.000000 0 195.000000 187.000000 0 68.000000 10.000000
00012 10 0 132.000000 6.000000 0 197.000000 245.000000 0 58.000000 149.000000 0 99.000000 20.000000 0 224.000000 126.000000 0 247.000000 214.000000 0 201.000000 239.000000 0 244.000000 213.000000 0 195.000000 188.000000 0 196.000000 189.000000
00013 10 0 133.000000 4.000000 0 248.000000 212.000000 0 202.000000 237.000000 0 101.000000 18.000000 0 241.000000 213.000000 0 242.000000 213.000000 0 55.000000 147.000000 0 197.000000 186.000000 0 226.000000 123.000000 0 51.000000 20.000000
00014 10 0 136.000000 4.000000 0 103.000000 19.000000 0 249.000000 212.000000 0 58.000000 148.000000 0 204.000000 237.000000 0 243.000000 214.000000 0 61.000000 148.000000 0 53.000000 20.000000 0 184.000000 214.000000 0 228.000000 124.000000
00015 10 0 133.000000 4.000000 0 100.000000 18.000000 0 246.000000 212.000000 0 247.000000 211.000000 0 202.000000 237.000000 0 196.000000 186.000000 0 59.000000 147.000000 0 181.000000 210.000000 0 225.000000 123.000000 0 62.000000 5.000000
00016 10 0 136.000000 7.000000 0 135.000000 7.000000 0 103.000000 20.000000 0 250.000000 215.000000 0 250.000000 214.000000 0 228.000000 126.000000 0 205.000000 240.000000 0 244.000000 215.000000 0 245.000000 215.000000 0 184.000000 215.000000
00017 10 0 135.000000 8.000000 0 248.000000 215.000000 0 60.000000 151.000000 0 102.000000 21.000000 0 53.000000 23.000000 0 242.000000 217.000000 0 56.000000 151.000000 0 183.000000 216.000000 0 226.000000 127.000000 0 203.000000 240.000000
00018 10 0 135.000000 8.000000 0 134.000000 8.000000 0 247.000000 215.000000 0 102.000000 21.000000 0 203.000000 240.000000 0 60.000000 151.000000 0 221.000000 15.000000 0 183.000000 214.000000 0 200.000000 246.000000 0 54.000000 151.000000
00019 10 0 134.000000 4.000000 0 226.000000 123.000000 0 247.000000 212.000000 0 243.000000 213.000000 0 101.000000 17.000000 0 60.000000 147.000000 0 199.000000 242.000000 0 220.000000 11.000000 0 197.000000 186.000000 0 202.000000 237.000000
00020 10 0 132.000000 7.000000 0 247.000000 214.000000 0 200.000000 240.000000 0 99.000000 20.000000 0 196.000000 189.000000 0 239.000000 216.000000 0 224.000000 126.000000 0 197.000000 245.000000 0 220.000000 226.000000 0 181.000000 217.000000
00021 10 0 135.000000 8.000000 0 248.000000 215.000000 0 60.000000 151.000000 0 221.000000 15.000000 0 243.000000 217.000000 0 102.000000 21.000000 0 199.000000 247.000000 0 203.000000 240.000000 0 56.000000 151.000000 0 183.000000 216.000000
00022 10 0 135.000000 8.000000 0 60.000000 151.000000 0 249.000000 215.000000 0 102.000000 21.000000 0 243.000000 217.000000 0 221.000000 15.000000 0 227.000000 127.000000 0 203.000000 240.000000 0 203.000000 241.000000 0 183.000000 216.000000
00023 10 0 136.000000 5.000000 0 103.000000 19.000000 0 250.000000 213.000000 0 228.000000 124.000000 0 29.000000 170.000000 0 243.000000 214.000000 0 204.000000 238.000000 0 184.000000 214.000000 0 244.000000 214.000000 0 141.000000 48.000000
00024 10 0 132.000000 4.000000 0 133.000000 4.000000 0 246.000000 212.000000 0 242.000000 213.000000 0 55.000000 148.000000 0 100.000000 18.000000 0 224.000000 124.000000 0 201.000000 237.000000 0 58.000000 148.000000 0 197.000000 243.000000
00025 10 0 135.000000 7.000000 0 103.000000 21.000000 0 248.000000 214.000000 0 204.000000 240.000000 0 243.000000 216.000000 0 198.000000 189.000000 0 244.000000 216.000000 0 53.000000 23.000000 0 184.000000 216.000000 0 61.000000 151.000000
00026 10 0 133.000000 7.000000 0 133.000000 8.000000 0 100.000000 21.000000 0 248.000000 215.000000 0 202.000000 241.000000 0 58.000000 151.000000 0 59.000000 151.000000 0 224.000000 128.000000 0 242.000000 216.000000 0 197.000000 190.000000
00027 10 0 132.000000 5.000000 0 224.000000 125.000000 0 132.000000 6.000000 0 99.000000 19.000000 0 247.000000 213.000000 0 240.000000 215.000000 0 200.000000 239.000000 0 181.000000 215.000000 0 195.000000 188.000000 0 219.000000 13.000000
00028 10 0 132.000000 5.000000 0 99.000000 19.000000 0 247.000000 213.000000 0 224.000000 125.000000 0 195.000000 187.000000 0 181.000000 215.000000 0 240.000000 215.000000 0 219.000000 13.000000 0 180.000000 212.000000 0 181.000000 212.000000
00029 10 0 136.000000 5.000000 0 103.000000 19.000000 0 228.000000 125.000000 0 250.000000 213.000000 0 204.000000 239.000000 0 138.000000 156.000000 0 245.000000 213.000000 0 186.000000 216.000000 0 184.000000 215.000000 0 243.000000 215.000000
00030 10 0 136.000000 7.000000 0 247.000000 213.000000 0 103.000000 21.000000 0 250.000000 215.000000 0 204.000000 240.000000 0 204.000000 239.000000 0 244.000000 216.000000 0 201.000000 245.000000 0 198.000000 189.000000 0 199.000000 189.000000
00031 10 0 132.000000 7.000000 0 224.000000 127.000000 0 248.000000 215.000000 0 100.000000 21.000000 0 240.000000 216.000000 0 181.000000 216.000000 0 201.000000 240.000000 0 196.000000 189.000000 0 197.000000 245.000000 0 40.000000 151.000000
00032 10 0 132.000000 5.000000 0 247.000000 213.000000 0 224.000000 124.000000 0 99.000000 19.000000 0 201.000000 238.000000 0 197.000000 243.000000 0 55.000000 149.000000 0 240.000000 214.000000 0 196.000000 187.000000 0 50.000000 21.000000
00033 10 0 136.000000 5.000000 0 136.000000 6.000000 0 204.000000 239.000000 0 228.000000 125.000000 0 103.000000 20.000000 0 250.000000 213.000000 0 200.000000 244.000000 0 184.000000 212.000000 0 223.000000 13.000000 0 184.000000 215.000000
00034 10 0 135.000000 3.000000 0 134.000000 4.000000 0 226.000000 123.000000 0 247.000000 212.000000 0 101.000000 18.000000 0 243.000000 213.000000 0 242.000000 213.000000 0 136.000000 154.000000 0 183.000000 213.000000 0 203.000000 236.000000
00035 10 0 135.000000 8.000000 0 135.000000 7.000000 0 134.000000 8.000000 0 102.000000 21.000000 0 248.000000 215.000000 0 246.000000 215.000000 0 203.000000 240.000000 0 243.000000 217.000000 0 203.000000 241.000000 0 221.000000 15.000000
00036 10 0 135.000000 8.000000 0 135.000000 7.000000 0 249.000000 215.000000 0 227.000000 127.000000 0 102.000000 21.000000 0 60.000000 151.000000 0 203.000000 241.000000 0 221.000000 15.000000 0 243.000000 217.000000 0 56.000000 151.000000
00037 10 0 132.000000 5.000000 0 224.000000 125.000000 0 247.000000 213.000000 0 100.000000 19.000000 0 99.000000 19.000000 0 239.000000 215.000000 0 200.000000 239.000000 0 181.000000 216.000000 0 195.000000 187.000000 0 57.000000 149.000000
00038 10 0 135.000000 5.000000 0 136.000000 4.000000 0 136.000000 5.000000 0 103.000000 19.000000 0 248.000000 212.000000 0 244.000000 214.000000 0 56.000000 148.000000 0 199.000000 186.000000 0 199.000000 187.000000 0 228.000000 124.000000
00039 10 0 136.000000 5.000000 0 250.000000 213.000000 0 103.000000 19.000000 0 242.000000 215.000000 0 245.000000 214.000000 0 246.000000 213.000000 0 228.000000 125.000000 0 232.000000 223.000000 0 56.000000 21.000000 0 205.000000 237.000000
00040 10 0 136.000000 7.000000 0 103.000000 21.000000 0 204.000000 240.000000 0 249.000000 214.000000 0 250.000000 214.000000 0 201.000000 245.000000 0 184.000000 213.000000 0 138.000000 157.000000 0 184.000000 216.000000 0 199.000000 189.000000
00041 10 0 135.000000 8.000000 0 226.000000 127.000000 0 247.000000 215.000000 0 102.000000 21.000000 0 60.000000 151.000000 0 203.000000 241.000000 0 56.000000 151.000000 0 199.000000 246.000000 0 197.000000 189.000000 0 221.000000 15.000000
00042 10 0 135.000000 4.000000 0 103.000000 18.000000 0 249.000000 212.000000 0 227.000000 123.000000 0 204.000000 237.000000 0 199.000000 242.000000 0 61.000000 147.000000 0 184.000000 214.000000 0 184.000000 215.000000 0 183.000000 210.000000
00043 10 0 136.000000 7.000000 0 103.000000 21.000000 0 250.000000 214.000000 0 228.000000 126.000000 0 250.000000 215.000000 0 244.000000 215.000000 0 245.000000 215.000000 0 205.000000 240.000000 0 184.000000 216.000000 0 29.000000 172.000000
00044 10 0 136.000000 7.000000 0 103.000000 21.000000 0 221.000000 15.000000 0 250.000000 215.000000 0 243.000000 216.000000 0 199.000000 245.000000 0 205.000000 240.000000 0 184.000000 216.000000 0 60.000000 151.000000 0 207.000000 237.000000
00045 10 0 133.000000 4.000000 0 247.000000 212.000000 0 100.000000 18.000000 0 181.000000 213.000000 0 197.000000 242.000000 0 202.000000 237.000000 0 196.000000 186.000000 0 242.000000 213.000000 0 225.000000 123.000000 0 225.000000 124.000000
00046 10 0 132.000000 7.000000 0 247.000000 215.000000 0 100.000000 21.000000 0 224.000000 127.000000 0 195.000000 189.000000 0 240.000000 216.000000 0 197.000000 245.000000 0 181.000000 216.000000 0 201.000000 240.000000 0 181.000000 213.000000
00047 10 0 134.000000 4.000000 0 226.000000 123.000000 0 101.000000 18.000000 0 246.000000 210.000000 0 248.000000 212.000000 0 249.000000 212.000000 0 202.000000 237.000000 0 242.000000 213.000000 0 136.000000 154.000000 0 220.000000 11.000000
00048 10 0 133.000000 4.000000 0 101.000000 18.000000 0 248.000000 212.000000 0 243.000000 212.000000 0 226.000000 123.000000 0 183.000000 215.000000 0 136.000000 154.000000 0 202.000000 237.000000 0 182.000000 210.000000 0 196.000000 186.000000
00049 10 0 136.000000 5.000000 0 103.000000 20.000000 0 228.000000 125.000000 0 248.000000 213.000000 0 243.000000 215.000000 0 186.000000 216.000000 0 204.000000 239.000000 0 198.000000 187.000000 0 223.000000 13.000000 0 141.000000 48.000000
00050 10 0 135.000000 4.000000 0 199.000000 242.000000 0 102.000000 18.000000 0 183.000000 210.000000 0 249.000000 212.000000 0 202.000000 237.000000 0 248.000000 211.000000 0 198.000000 186.000000 0 227.000000 123.000000 0 245.000000 212.000000
