00001 10 0 48.000000 152.000000 0 238.000000 233.000000 0 239.000000 233.000000 0 250.000000 170.000000 0 255.000000 219.000000 0 240.000000 156.000000 0 255.000000 210.000000 0 239.000000 180.000000 0 255.000000 224.000000 0 156.000000 144.000000
00002 10 0 47.000000 154.000000 0 248.000000 171.000000 0 255.000000 211.000000 0 237.000000 234.000000 0 254.000000 221.000000 0 240.000000 237.000000 0 254.000000 226.000000 0 255.000000 232.000000 0 155.000000 146.000000 0 255.000000 229.000000
00003 10 0 47.000000 152.000000 0 248.000000 170.000000 0 236.000000 233.000000 0 254.000000 210.000000 0 255.000000 223.000000 0 255.000000 227.000000 0 252.000000 220.000000 0 255.000000 213.000000 0 240.000000 236.000000 0 255.000000 219.000000
00004 10 0 45.000000 152.000000 0 45.000000 151.000000 0 247.000000 170.000000 0 255.000000 213.000000 0 236.000000 232.000000 0 254.000000 209.000000 0 253.000000 219.000000 0 239.000000 179.000000 0 254.000000 224.000000 0 241.000000 237.000000
00005 10 0 47.000000 154.000000 0 255.000000 210.000000 0 248.000000 172.000000 0 248.000000 171.000000 0 255.000000 221.000000 0 237.000000 234.000000 0 241.000000 239.000000 0 255.000000 227.000000 0 239.000000 181.000000 0 255.000000 216.000000
00006 10 0 50.000000 153.000000 0 251.000000 171.000000 0 240.000000 234.000000 0 244.000000 237.000000 0 4.000000 26.000000 0 241.000000 180.000000 0 220.000000 77.000000 0 158.000000 145.000000 0 255.000000 211.000000 0 252.000000 221.000000
00007 10 0 47.000000 152.000000 0 247.000000 170.000000 0 237.000000 232.000000 0 255.000000 209.000000 0 254.000000 224.000000 0 253.000000 219.000000 0 253.000000 220.000000 0 254.000000 220.000000 0 216.000000 76.000000 0 255.000000 213.000000
00008 10 0 48.000000 151.000000 0 249.000000 168.000000 0 238.000000 230.000000 0 255.000000 218.000000 0 254.000000 218.000000 0 238.000000 231.000000 0 241.000000 234.000000 0 242.000000 234.000000 0 255.000000 208.000000 0 239.000000 178.000000
00009 10 0 47.000000 153.000000 0 46.000000 153.000000 0 247.000000 171.000000 0 255.000000 211.000000 0 236.000000 234.000000 0 255.000000 226.000000 0 254.000000 222.000000 0 255.000000 222.000000 0 240.000000 237.000000 0 237.000000 180.000000
00010 10 0 48.000000 151.000000 0 45.000000 150.000000 0 250.000000 169.000000 0 249.000000 169.000000 0 238.000000 230.000000 0 255.000000 207.000000 0 255.000000 218.000000 0 240.000000 154.000000 0 218.000000 74.000000 0 240.000000 178.000000
00011 10 0 50.000000 153.000000 0 251.000000 171.000000 0 240.000000 234.000000 0 244.000000 237.000000 0 240.000000 180.000000 0 244.000000 240.000000 0 255.000000 220.000000 0 158.000000 145.000000 0 252.000000 7.000000 0 136.000000 131.000000
00012 10 0 46.000000 152.000000 0 248.000000 170.000000 0 42.000000 152.000000 0 255.000000 210.000000 0 240.000000 237.000000 0 236.000000 232.000000 0 253.000000 220.000000 0 254.000000 224.000000 0 154.000000 144.000000 0 239.000000 180.000000
00013 10 0 48.000000 151.000000 0 255.000000 218.000000 0 250.000000 168.000000 0 249.000000 168.000000 0 238.000000 231.000000 0 44.000000 150.000000 0 218.000000 74.000000 0 240.000000 154.000000 0 255.000000 223.000000 0 240.000000 178.000000
00014 10 0 48.000000 151.000000 0 250.000000 168.000000 0 239.000000 230.000000 0 255.000000 218.000000 0 240.000000 178.000000 0 242.000000 234.000000 0 255.000000 208.000000 0 254.000000 204.000000 0 240.000000 154.000000 0 255.000000 222.000000
00015 10 0 48.000000 150.000000 0 250.000000 168.000000 0 239.000000 230.000000 0 240.000000 154.000000 0 255.000000 216.000000 0 255.000000 217.000000 0 255.000000 208.000000 0 240.000000 178.000000 0 255.000000 223.000000 0 255.000000 204.000000
00016 10 0 49.000000 154.000000 0 251.000000 172.000000 0 250.000000 172.000000 0 240.000000 234.000000 0 243.000000 237.000000 0 240.000000 181.000000 0 255.000000 212.000000 0 255.000000 223.000000 0 255.000000 222.000000 0 240.000000 157.000000
00017 10 0 50.000000 152.000000 0 251.000000 169.000000 0 239.000000 231.000000 0 244.000000 235.000000 0 242.000000 179.000000 0 158.000000 143.000000 0 3.000000 24.000000 0 244.000000 239.000000 0 253.000000 219.000000 0 255.000000 209.000000
00018 10 0 47.000000 150.000000 0 248.000000 168.000000 0 239.000000 178.000000 0 255.000000 207.000000 0 237.000000 231.000000 0 255.000000 218.000000 0 255.000000 223.000000 0 255.000000 224.000000 0 255.000000 222.000000 0 154.000000 187.000000
00019 10 0 47.000000 151.000000 0 248.000000 168.000000 0 255.000000 218.000000 0 255.000000 224.000000 0 238.000000 232.000000 0 238.000000 229.000000 0 255.000000 207.000000 0 242.000000 235.000000 0 239.000000 178.000000 0 239.000000 154.000000
00020 10 0 48.000000 154.000000 0 250.000000 172.000000 0 250.000000 171.000000 0 239.000000 182.000000 0 239.000000 233.000000 0 255.000000 221.000000 0 239.000000 236.000000 0 240.000000 158.000000 0 242.000000 238.000000 0 255.000000 212.000000
00021 10 0 50.000000 153.000000 0 251.000000 171.000000 0 240.000000 234.000000 0 242.000000 180.000000 0 200.000000 188.000000 0 4.000000 28.000000 0 255.000000 211.000000 0 241.000000 157.000000 0 157.000000 145.000000 0 255.000000 220.000000
00022 10 0 47.000000 153.000000 0 248.000000 171.000000 0 255.000000 211.000000 0 237.000000 234.000000 0 255.000000 221.000000 0 255.000000 226.000000 0 252.000000 222.000000 0 252.000000 221.000000 0 239.000000 181.000000 0 238.000000 157.000000
00023 10 0 50.000000 153.000000 0 251.000000 171.000000 0 241.000000 232.000000 0 242.000000 181.000000 0 245.000000 240.000000 0 255.000000 207.000000 0 241.000000 157.000000 0 149.000000 24.000000 0 255.000000 221.000000 0 252.000000 7.000000
00024 10 0 48.000000 151.000000 0 255.000000 208.000000 0 250.000000 167.000000 0 239.000000 230.000000 0 242.000000 234.000000 0 255.000000 204.000000 0 240.000000 178.000000 0 239.000000 177.000000 0 255.000000 224.000000 0 255.000000 218.000000
00025 10 0 49.000000 151.000000 0 250.000000 168.000000 0 240.000000 230.000000 0 240.000000 231.000000 0 255.000000 218.000000 0 242.000000 234.000000 0 240.000000 178.000000 0 255.000000 223.000000 0 255.000000 208.000000 0 255.000000 204.000000
00026 10 0 50.000000 152.000000 0 251.000000 171.000000 0 251.000000 170.000000 0 240.000000 233.000000 0 243.000000 236.000000 0 244.000000 236.000000 0 253.000000 221.000000 0 4.000000 27.000000 0 242.000000 157.000000 0 242.000000 180.000000
00027 10 0 47.000000 151.000000 0 251.000000 169.000000 0 240.000000 232.000000 0 241.000000 179.000000 0 4.000000 26.000000 0 244.000000 235.000000 0 255.000000 218.000000 0 254.000000 218.000000 0 254.000000 219.000000 0 253.000000 219.000000
00028 10 0 47.000000 154.000000 0 255.000000 212.000000 0 248.000000 172.000000 0 255.000000 221.000000 0 237.000000 234.000000 0 242.000000 239.000000 0 254.000000 226.000000 0 255.000000 226.000000 0 239.000000 181.000000 0 217.000000 79.000000
00029 10 0 49.000000 153.000000 0 251.000000 171.000000 0 240.000000 234.000000 0 243.000000 237.000000 0 242.000000 181.000000 0 252.000000 7.000000 0 255.000000 211.000000 0 157.000000 142.000000 0 219.000000 77.000000 0 158.000000 145.000000
00030 10 0 48.000000 154.000000 0 250.000000 172.000000 0 239.000000 235.000000 0 255.000000 222.000000 0 240.000000 181.000000 0 255.000000 212.000000 0 255.000000 208.000000 0 240.000000 158.000000 0 2.000000 28.000000 0 156.000000 146.000000
00031 10 0 46.000000 153.000000 0 247.000000 171.000000 0 237.000000 232.000000 0 255.000000 210.000000 0 255.000000 211.000000 0 240.000000 237.000000 0 255.000000 220.000000 0 254.000000 224.000000 0 255.000000 231.000000 0 238.000000 180.000000
00032 10 0 48.000000 154.000000 0 248.000000 172.000000 0 255.000000 211.000000 0 240.000000 237.000000 0 237.000000 234.000000 0 254.000000 222.000000 0 239.000000 158.000000 0 255.000000 227.000000 0 255.000000 232.000000 0 239.000000 182.000000
00033 10 0 50.000000 152.000000 0 251.000000 171.000000 0 241.000000 235.000000 0 244.000000 237.000000 0 242.000000 180.000000 0 242.000000 157.000000 0 158.000000 145.000000 0 220.000000 77.000000 0 4.000000 27.000000 0 104.000000 112.000000
00034 10 0 47.000000 150.000000 0 249.000000 168.000000 0 248.000000 167.000000 0 237.000000 231.000000 0 237.000000 230.000000 0 239.000000 178.000000 0 255.000000 207.000000 0 255.000000 208.000000 0 255.000000 218.000000 0 242.000000 236.000000
00035 10 0 46.000000 151.000000 0 248.000000 168.000000 0 255.000000 208.000000 0 237.000000 232.000000 0 240.000000 234.000000 0 237.000000 231.000000 0 255.000000 225.000000 0 254.000000 219.000000 0 255.000000 212.000000 0 155.000000 143.000000
00036 10 0 47.000000 152.000000 0 247.000000 170.000000 0 42.000000 151.000000 0 253.000000 219.000000 0 255.000000 209.000000 0 236.000000 232.000000 0 255.000000 224.000000 0 254.000000 224.000000 0 255.000000 213.000000 0 216.000000 76.000000
00037 10 0 47.000000 154.000000 0 255.000000 226.000000 0 238.000000 233.000000 0 249.000000 171.000000 0 247.000000 172.000000 0 249.000000 172.000000 0 43.000000 154.000000 0 255.000000 211.000000 0 254.000000 222.000000 0 239.000000 181.000000
00038 10 0 49.000000 153.000000 0 251.000000 171.000000 0 240.000000 234.000000 0 243.000000 237.000000 0 240.000000 181.000000 0 255.000000 223.000000 0 255.000000 207.000000 0 241.000000 157.000000 0 255.000000 211.000000 0 136.000000 132.000000
00039 10 0 247.000000 170.000000 0 46.000000 152.000000 0 255.000000 209.000000 0 255.000000 223.000000 0 237.000000 231.000000 0 253.000000 220.000000 0 238.000000 179.000000 0 241.000000 237.000000 0 216.000000 76.000000 0 255.000000 216.000000
00040 10 0 48.000000 154.000000 0 250.000000 172.000000 0 239.000000 235.000000 0 255.000000 212.000000 0 242.000000 238.000000 0 240.000000 158.000000 0 240.000000 182.000000 0 255.000000 208.000000 0 255.000000 222.000000 0 255.000000 226.000000
00041 10 0 50.000000 152.000000 0 251.000000 170.000000 0 240.000000 232.000000 0 244.000000 237.000000 0 149.000000 23.000000 0 242.000000 156.000000 0 253.000000 220.000000 0 199.000000 187.000000 0 159.000000 144.000000 0 242.000000 179.000000
00042 10 0 48.000000 154.000000 0 250.000000 172.000000 0 240.000000 234.000000 0 244.000000 240.000000 0 240.000000 181.000000 0 252.000000 221.000000 0 255.000000 211.000000 0 241.000000 158.000000 0 241.000000 157.000000 0 255.000000 221.000000
00043 10 0 47.000000 152.000000 0 239.000000 236.000000 0 247.000000 170.000000 0 255.000000 208.000000 0 255.000000 212.000000 0 236.000000 233.000000 0 236.000000 231.000000 0 253.000000 219.000000 0 239.000000 179.000000 0 255.000000 228.000000
00044 10 0 50.000000 152.000000 0 251.000000 169.000000 0 240.000000 232.000000 0 47.000000 151.000000 0 242.000000 178.000000 0 245.000000 237.000000 0 253.000000 219.000000 0 242.000000 155.000000 0 220.000000 75.000000 0 158.000000 143.000000
00045 10 0 49.000000 153.000000 0 251.000000 171.000000 0 239.000000 235.000000 0 242.000000 237.000000 0 240.000000 181.000000 0 157.000000 146.000000 0 252.000000 221.000000 0 255.000000 221.000000 0 255.000000 208.000000 0 255.000000 207.000000
00046 10 0 47.000000 152.000000 0 247.000000 170.000000 0 236.000000 233.000000 0 255.000000 209.000000 0 254.000000 220.000000 0 255.000000 213.000000 0 254.000000 219.000000 0 255.000000 223.000000 0 239.000000 235.000000 0 237.000000 180.000000
00047 10 0 49.000000 151.000000 0 251.000000 169.000000 0 240.000000 232.000000 0 243.000000 235.000000 0 242.000000 155.000000 0 240.000000 179.000000 0 242.000000 178.000000 0 241.000000 178.000000 0 255.000000 218.000000 0 4.000000 26.000000
00048 10 0 47.000000 153.000000 0 248.000000 172.000000 0 237.000000 234.000000 0 255.000000 211.000000 0 255.000000 221.000000 0 240.000000 238.000000 0 239.000000 182.000000 0 255.000000 226.000000 0 239.000000 158.000000 0 155.000000 146.000000
00049 10 0 45.000000 151.000000 0 247.000000 169.000000 0 254.000000 209.000000 0 255.000000 213.000000 0 237.000000 231.000000 0 236.000000 231.000000 0 254.000000 224.000000 0 255.000000 223.000000 0 240.000000 236.000000 0 253.000000 219.000000
00050 10 0 48.000000 151.000000 0 250.000000 167.000000 0 237.000000 231.000000 0 255.000000 217.000000 0 255.000000 207.000000 0 239.000000 177.000000 0 255.000000 223.000000 0 198.000000 185.000000 0 218.000000 74.000000 0 239.000000 154.000000
