00001 10 0 145.000000 0.000000 0 109.000000 183.000000 0 65.000000 242.000000 0 34.000000 3.000000 0 43.000000 220.000000 0 106.000000 178.000000 0 40.000000 242.000000 0 5.000000 101.000000 0 8.000000 99.000000 0 65.000000 231.000000
00002 10 0 145.000000 0.000000 0 146.000000 0.000000 0 149.000000 1.000000 0 66.000000 243.000000 0 109.000000 183.000000 0 34.000000 5.000000 0 107.000000 178.000000 0 44.000000 220.000000 0 60.000000 125.000000 0 116.000000 136.000000
00003 10 0 144.000000 0.000000 0 148.000000 0.000000 0 64.000000 243.000000 0 108.000000 184.000000 0 40.000000 243.000000 0 42.000000 220.000000 0 32.000000 6.000000 0 108.000000 176.000000 0 115.000000 135.000000 0 116.000000 135.000000
00004 10 0 144.000000 0.000000 0 64.000000 242.000000 0 108.000000 183.000000 0 33.000000 4.000000 0 32.000000 5.000000 0 40.000000 242.000000 0 108.000000 176.000000 0 105.000000 178.000000 0 7.000000 99.000000 0 239.000000 88.000000
00005 10 0 148.000000 0.000000 0 64.000000 242.000000 0 106.000000 176.000000 0 107.000000 184.000000 0 40.000000 242.000000 0 33.000000 3.000000 0 63.000000 132.000000 0 31.000000 7.000000 0 42.000000 219.000000 0 59.000000 125.000000
00006 10 0 144.000000 0.000000 0 148.000000 1.000000 0 65.000000 243.000000 0 108.000000 185.000000 0 106.000000 178.000000 0 34.000000 4.000000 0 34.000000 5.000000 0 40.000000 243.000000 0 42.000000 221.000000 0 63.000000 136.000000
00007 10 0 143.000000 0.000000 0 148.000000 0.000000 0 107.000000 184.000000 0 64.000000 243.000000 0 106.000000 178.000000 0 33.000000 4.000000 0 4.000000 101.000000 0 71.000000 120.000000 0 40.000000 243.000000 0 96.000000 127.000000
00008 10 0 144.000000 0.000000 0 143.000000 0.000000 0 148.000000 0.000000 0 108.000000 183.000000 0 64.000000 243.000000 0 42.000000 221.000000 0 106.000000 178.000000 0 33.000000 5.000000 0 40.000000 243.000000 0 117.000000 135.000000
00009 10 0 144.000000 0.000000 0 148.000000 1.000000 0 109.000000 183.000000 0 64.000000 243.000000 0 65.000000 243.000000 0 106.000000 179.000000 0 34.000000 5.000000 0 6.000000 101.000000 0 5.000000 101.000000 0 40.000000 243.000000
00010 10 0 145.000000 0.000000 0 109.000000 183.000000 0 66.000000 243.000000 0 34.000000 5.000000 0 107.000000 186.000000 0 106.000000 179.000000 0 116.000000 135.000000 0 6.000000 101.000000 0 7.000000 100.000000 0 112.000000 187.000000
00011 10 0 146.000000 0.000000 0 66.000000 242.000000 0 34.000000 5.000000 0 35.000000 4.000000 0 108.000000 185.000000 0 109.000000 185.000000 0 108.000000 177.000000 0 44.000000 220.000000 0 72.000000 128.000000 0 115.000000 136.000000
00012 10 0 109.000000 183.000000 0 148.000000 0.000000 0 66.000000 242.000000 0 34.000000 3.000000 0 107.000000 176.000000 0 43.000000 219.000000 0 98.000000 124.000000 0 58.000000 231.000000 0 7.000000 99.000000 0 102.000000 125.000000
00013 10 0 145.000000 0.000000 0 149.000000 1.000000 0 66.000000 243.000000 0 108.000000 184.000000 0 106.000000 178.000000 0 34.000000 4.000000 0 34.000000 5.000000 0 40.000000 243.000000 0 67.000000 135.000000 0 7.000000 101.000000
00014 10 0 146.000000 0.000000 0 66.000000 242.000000 0 109.000000 184.000000 0 35.000000 4.000000 0 7.000000 100.000000 0 107.000000 177.000000 0 107.000000 178.000000 0 107.000000 176.000000 0 64.000000 135.000000 0 117.000000 135.000000
00015 10 0 146.000000 0.000000 0 145.000000 0.000000 0 149.000000 1.000000 0 66.000000 243.000000 0 35.000000 4.000000 0 109.000000 183.000000 0 108.000000 186.000000 0 106.000000 178.000000 0 8.000000 101.000000 0 66.000000 246.000000
00016 10 0 146.000000 0.000000 0 149.000000 0.000000 0 66.000000 242.000000 0 110.000000 184.000000 0 34.000000 5.000000 0 107.000000 178.000000 0 7.000000 101.000000 0 66.000000 247.000000 0 114.000000 136.000000 0 115.000000 136.000000
00017 10 0 109.000000 182.000000 0 149.000000 0.000000 0 65.000000 241.000000 0 34.000000 3.000000 0 107.000000 176.000000 0 65.000000 233.000000 0 58.000000 231.000000 0 72.000000 117.000000 0 119.000000 133.000000 0 43.000000 219.000000
00018 10 0 144.000000 0.000000 0 108.000000 184.000000 0 64.000000 243.000000 0 33.000000 5.000000 0 42.000000 221.000000 0 106.000000 179.000000 0 40.000000 242.000000 0 6.000000 100.000000 0 5.000000 101.000000 0 109.000000 176.000000
00019 10 0 144.000000 0.000000 0 109.000000 183.000000 0 106.000000 179.000000 0 64.000000 242.000000 0 7.000000 101.000000 0 34.000000 4.000000 0 40.000000 243.000000 0 99.000000 127.000000 0 59.000000 127.000000 0 43.000000 220.000000
00020 10 0 143.000000 0.000000 0 149.000000 1.000000 0 65.000000 244.000000 0 66.000000 243.000000 0 107.000000 184.000000 0 107.000000 185.000000 0 106.000000 179.000000 0 64.000000 136.000000 0 40.000000 243.000000 0 34.000000 5.000000
00021 10 0 144.000000 0.000000 0 108.000000 183.000000 0 64.000000 242.000000 0 107.000000 176.000000 0 32.000000 4.000000 0 4.000000 101.000000 0 39.000000 242.000000 0 40.000000 243.000000 0 64.000000 135.000000 0 112.000000 135.000000
00022 10 0 147.000000 0.000000 0 148.000000 0.000000 0 143.000000 0.000000 0 32.000000 4.000000 0 64.000000 242.000000 0 107.000000 184.000000 0 96.000000 125.000000 0 8.000000 99.000000 0 39.000000 240.000000 0 106.000000 176.000000
00023 10 0 146.000000 0.000000 0 109.000000 183.000000 0 107.000000 178.000000 0 34.000000 5.000000 0 66.000000 245.000000 0 66.000000 243.000000 0 8.000000 100.000000 0 98.000000 126.000000 0 44.000000 220.000000 0 43.000000 221.000000
00024 10 0 149.000000 0.000000 0 111.000000 183.000000 0 108.000000 184.000000 0 66.000000 240.000000 0 66.000000 241.000000 0 107.000000 177.000000 0 43.000000 219.000000 0 34.000000 4.000000 0 8.000000 98.000000 0 114.000000 134.000000
00025 10 0 146.000000 0.000000 0 151.000000 0.000000 0 66.000000 242.000000 0 109.000000 183.000000 0 107.000000 178.000000 0 35.000000 4.000000 0 44.000000 220.000000 0 7.000000 101.000000 0 98.000000 126.000000 0 59.000000 232.000000
00026 10 0 109.000000 182.000000 0 109.000000 181.000000 0 66.000000 241.000000 0 149.000000 0.000000 0 34.000000 3.000000 0 146.000000 0.000000 0 107.000000 177.000000 0 67.000000 135.000000 0 98.000000 124.000000 0 9.000000 98.000000
00027 10 0 109.000000 182.000000 0 111.000000 175.000000 0 34.000000 3.000000 0 66.000000 240.000000 0 150.000000 0.000000 0 149.000000 0.000000 0 40.000000 240.000000 0 146.000000 0.000000 0 108.000000 176.000000 0 115.000000 134.000000
00028 10 0 66.000000 241.000000 0 109.000000 182.000000 0 34.000000 3.000000 0 149.000000 0.000000 0 107.000000 176.000000 0 63.000000 133.000000 0 40.000000 241.000000 0 66.000000 230.000000 0 8.000000 98.000000 0 7.000000 98.000000
00029 10 0 148.000000 0.000000 0 108.000000 182.000000 0 65.000000 240.000000 0 106.000000 177.000000 0 33.000000 3.000000 0 64.000000 232.000000 0 8.000000 98.000000 0 58.000000 231.000000 0 112.000000 185.000000 0 63.000000 132.000000
00030 10 0 65.000000 240.000000 0 108.000000 182.000000 0 149.000000 0.000000 0 146.000000 0.000000 0 34.000000 2.000000 0 107.000000 176.000000 0 40.000000 240.000000 0 42.000000 219.000000 0 5.000000 99.000000 0 8.000000 98.000000
00031 10 0 148.000000 0.000000 0 108.000000 183.000000 0 144.000000 0.000000 0 65.000000 240.000000 0 106.000000 177.000000 0 34.000000 3.000000 0 34.000000 2.000000 0 109.000000 175.000000 0 40.000000 242.000000 0 42.000000 219.000000
00032 10 0 147.000000 0.000000 0 146.000000 0.000000 0 151.000000 0.000000 0 110.000000 182.000000 0 111.000000 182.000000 0 109.000000 183.000000 0 66.000000 242.000000 0 35.000000 3.000000 0 107.000000 177.000000 0 112.000000 186.000000
00033 10 0 148.000000 0.000000 0 109.000000 182.000000 0 108.000000 183.000000 0 109.000000 183.000000 0 106.000000 176.000000 0 65.000000 240.000000 0 144.000000 0.000000 0 40.000000 241.000000 0 5.000000 99.000000 0 63.000000 133.000000
00034 10 0 145.000000 0.000000 0 109.000000 183.000000 0 34.000000 5.000000 0 65.000000 243.000000 0 106.000000 179.000000 0 107.000000 178.000000 0 96.000000 126.000000 0 66.000000 232.000000 0 60.000000 125.000000 0 40.000000 243.000000
00035 10 0 146.000000 0.000000 0 147.000000 0.000000 0 66.000000 242.000000 0 151.000000 0.000000 0 109.000000 183.000000 0 35.000000 3.000000 0 107.000000 178.000000 0 71.000000 128.000000 0 99.000000 125.000000 0 8.000000 100.000000
00036 10 0 146.000000 0.000000 0 145.000000 0.000000 0 149.000000 0.000000 0 66.000000 243.000000 0 109.000000 183.000000 0 34.000000 5.000000 0 107.000000 178.000000 0 44.000000 220.000000 0 8.000000 101.000000 0 13.000000 96.000000
00037 10 0 145.000000 1.000000 0 34.000000 5.000000 0 109.000000 184.000000 0 66.000000 243.000000 0 64.000000 242.000000 0 65.000000 243.000000 0 106.000000 178.000000 0 32.000000 8.000000 0 7.000000 101.000000 0 71.000000 119.000000
00038 10 0 146.000000 0.000000 0 149.000000 0.000000 0 66.000000 242.000000 0 109.000000 183.000000 0 107.000000 176.000000 0 34.000000 3.000000 0 41.000000 240.000000 0 44.000000 218.000000 0 61.000000 122.000000 0 111.000000 175.000000
00039 10 0 144.000000 0.000000 0 34.000000 5.000000 0 66.000000 243.000000 0 108.000000 185.000000 0 106.000000 179.000000 0 43.000000 221.000000 0 8.000000 101.000000 0 40.000000 243.000000 0 64.000000 136.000000 0 67.000000 137.000000
00040 10 0 147.000000 0.000000 0 35.000000 4.000000 0 66.000000 242.000000 0 109.000000 183.000000 0 108.000000 177.000000 0 60.000000 125.000000 0 44.000000 219.000000 0 7.000000 100.000000 0 13.000000 95.000000 0 42.000000 242.000000
00041 10 0 144.000000 0.000000 0 148.000000 0.000000 0 64.000000 242.000000 0 108.000000 183.000000 0 106.000000 178.000000 0 33.000000 4.000000 0 39.000000 242.000000 0 42.000000 220.000000 0 42.000000 219.000000 0 63.000000 135.000000
00042 10 0 143.000000 0.000000 0 108.000000 183.000000 0 33.000000 4.000000 0 64.000000 242.000000 0 64.000000 245.000000 0 105.000000 178.000000 0 5.000000 100.000000 0 39.000000 241.000000 0 96.000000 125.000000 0 42.000000 219.000000
00043 10 0 143.000000 0.000000 0 149.000000 1.000000 0 64.000000 243.000000 0 109.000000 183.000000 0 109.000000 186.000000 0 106.000000 178.000000 0 40.000000 243.000000 0 63.000000 135.000000 0 32.000000 5.000000 0 6.000000 100.000000
00044 10 0 146.000000 0.000000 0 144.000000 0.000000 0 145.000000 0.000000 0 65.000000 242.000000 0 149.000000 0.000000 0 107.000000 182.000000 0 42.000000 219.000000 0 32.000000 4.000000 0 40.000000 242.000000 0 106.000000 177.000000
00045 10 0 147.000000 0.000000 0 108.000000 184.000000 0 66.000000 243.000000 0 66.000000 242.000000 0 107.000000 176.000000 0 35.000000 3.000000 0 7.000000 99.000000 0 61.000000 125.000000 0 41.000000 242.000000 0 42.000000 242.000000
00046 10 0 145.000000 1.000000 0 149.000000 0.000000 0 108.000000 184.000000 0 65.000000 242.000000 0 65.000000 243.000000 0 33.000000 5.000000 0 106.000000 178.000000 0 8.000000 100.000000 0 117.000000 135.000000 0 42.000000 221.000000
00047 10 0 147.000000 0.000000 0 151.000000 0.000000 0 66.000000 242.000000 0 35.000000 3.000000 0 109.000000 182.000000 0 107.000000 178.000000 0 44.000000 219.000000 0 7.000000 100.000000 0 66.000000 247.000000 0 98.000000 126.000000
00048 10 0 144.000000 0.000000 0 145.000000 0.000000 0 146.000000 0.000000 0 108.000000 184.000000 0 65.000000 243.000000 0 33.000000 5.000000 0 32.000000 6.000000 0 32.000000 5.000000 0 40.000000 243.000000 0 42.000000 220.000000
00049 10 0 108.000000 183.000000 0 149.000000 0.000000 0 150.000000 0.000000 0 66.000000 241.000000 0 34.000000 3.000000 0 108.000000 175.000000 0 7.000000 99.000000 0 60.000000 125.000000 0 69.000000 131.000000 0 65.000000 134.000000
00050 10 0 146.000000 0.000000 0 111.000000 184.000000 0 66.000000 242.000000 0 35.000000 4.000000 0 107.000000 178.000000 0 7.000000 100.000000 0 98.000000 126.000000 0 20.000000 91.000000 0 111.000000 176.000000 0 107.000000 132.000000
