00001 10 0 235.000000 77.000000 0 159.000000 62.000000 0 149.000000 61.000000 0 152.000000 1.000000 0 127.000000 32.000000 0 183.000000 22.000000 0 140.000000 18.000000 0 124.000000 35.000000 0 183.000000 25.000000 0 125.000000 35.000000
00002 10 0 160.000000 62.000000 0 159.000000 63.000000 0 237.000000 77.000000 0 184.000000 24.000000 0 150.000000 60.000000 0 152.000000 34.000000 0 127.000000 34.000000 0 161.000000 2.000000 0 138.000000 19.000000 0 190.000000 24.000000
00003 10 0 160.000000 64.000000 0 149.000000 62.000000 0 234.000000 78.000000 0 160.000000 3.000000 0 181.000000 26.000000 0 217.000000 166.000000 0 137.000000 21.000000 0 157.000000 3.000000 0 128.000000 36.000000 0 127.000000 36.000000
00004 10 0 235.000000 78.000000 0 234.000000 78.000000 0 158.000000 64.000000 0 148.000000 61.000000 0 128.000000 32.000000 0 181.000000 24.000000 0 180.000000 21.000000 0 151.000000 32.000000 0 160.000000 2.000000 0 168.000000 2.000000
00005 10 0 233.000000 77.000000 0 232.000000 77.000000 0 158.000000 62.000000 0 180.000000 20.000000 0 136.000000 21.000000 0 161.000000 2.000000 0 181.000000 23.000000 0 169.000000 1.000000 0 127.000000 25.000000 0 127.000000 36.000000
00006 10 0 159.000000 63.000000 0 236.000000 77.000000 0 150.000000 60.000000 0 150.000000 61.000000 0 155.000000 1.000000 0 183.000000 23.000000 0 191.000000 25.000000 0 160.000000 2.000000 0 141.000000 34.000000 0 163.000000 3.000000
00007 10 0 235.000000 76.000000 0 234.000000 76.000000 0 158.000000 63.000000 0 183.000000 23.000000 0 180.000000 21.000000 0 180.000000 20.000000 0 163.000000 16.000000 0 191.000000 24.000000 0 149.000000 59.000000 0 140.000000 32.000000
00008 10 0 234.000000 76.000000 0 159.000000 61.000000 0 180.000000 23.000000 0 179.000000 19.000000 0 152.000000 17.000000 0 182.000000 19.000000 0 159.000000 1.000000 0 164.000000 17.000000 0 170.000000 0.000000 0 128.000000 35.000000
00009 10 0 158.000000 64.000000 0 235.000000 78.000000 0 181.000000 21.000000 0 181.000000 27.000000 0 182.000000 27.000000 0 155.000000 2.000000 0 159.000000 3.000000 0 154.000000 2.000000 0 150.000000 38.000000 0 128.000000 37.000000
00010 10 0 236.000000 78.000000 0 159.000000 63.000000 0 139.000000 21.000000 0 181.000000 23.000000 0 182.000000 29.000000 0 151.000000 37.000000 0 160.000000 3.000000 0 191.000000 27.000000 0 128.000000 39.000000 0 150.000000 61.000000
00011 10 0 235.000000 76.000000 0 160.000000 61.000000 0 184.000000 19.000000 0 126.000000 35.000000 0 183.000000 22.000000 0 159.000000 1.000000 0 162.000000 1.000000 0 152.000000 0.000000 0 129.000000 22.000000 0 167.000000 0.000000
00012 10 0 235.000000 78.000000 0 159.000000 63.000000 0 149.000000 61.000000 0 137.000000 21.000000 0 181.000000 26.000000 0 128.000000 36.000000 0 152.000000 37.000000 0 159.000000 3.000000 0 163.000000 4.000000 0 142.000000 23.000000
00013 10 0 234.000000 77.000000 0 158.000000 64.000000 0 158.000000 62.000000 0 148.000000 61.000000 0 180.000000 21.000000 0 180.000000 22.000000 0 190.000000 23.000000 0 160.000000 3.000000 0 155.000000 2.000000 0 164.000000 19.000000
00014 10 0 160.000000 62.000000 0 236.000000 77.000000 0 150.000000 60.000000 0 182.000000 22.000000 0 128.000000 35.000000 0 152.000000 35.000000 0 196.000000 24.000000 0 163.000000 3.000000 0 170.000000 1.000000 0 190.000000 24.000000
00015 10 0 234.000000 76.000000 0 159.000000 61.000000 0 149.000000 59.000000 0 162.000000 2.000000 0 128.000000 35.000000 0 183.000000 21.000000 0 149.000000 34.000000 0 167.000000 0.000000 0 189.000000 24.000000 0 182.000000 25.000000
00016 10 0 235.000000 77.000000 0 236.000000 77.000000 0 160.000000 62.000000 0 183.000000 24.000000 0 130.000000 40.000000 0 152.000000 37.000000 0 184.000000 21.000000 0 129.000000 36.000000 0 151.000000 61.000000 0 139.000000 21.000000
00017 10 0 159.000000 63.000000 0 235.000000 76.000000 0 149.000000 59.000000 0 181.000000 23.000000 0 217.000000 164.000000 0 160.000000 1.000000 0 152.000000 33.000000 0 129.000000 37.000000 0 173.000000 2.000000 0 153.000000 0.000000
00018 10 0 234.000000 77.000000 0 157.000000 64.000000 0 181.000000 24.000000 0 181.000000 21.000000 0 168.000000 20.000000 0 124.000000 35.000000 0 131.000000 29.000000 0 128.000000 37.000000 0 189.000000 26.000000 0 135.000000 20.000000
00019 10 0 236.000000 77.000000 0 160.000000 62.000000 0 182.000000 23.000000 0 130.000000 34.000000 0 151.000000 36.000000 0 191.000000 23.000000 0 132.000000 28.000000 0 141.000000 34.000000 0 166.000000 16.000000 0 183.000000 19.000000
00020 10 0 234.000000 76.000000 0 159.000000 61.000000 0 128.000000 36.000000 0 149.000000 60.000000 0 164.000000 16.000000 0 139.000000 19.000000 0 181.000000 19.000000 0 180.000000 19.000000 0 190.000000 26.000000 0 182.000000 23.000000
00021 10 0 234.000000 78.000000 0 235.000000 78.000000 0 149.000000 62.000000 0 160.000000 63.000000 0 181.000000 24.000000 0 138.000000 22.000000 0 127.000000 32.000000 0 151.000000 35.000000 0 160.000000 3.000000 0 150.000000 38.000000
00022 10 0 234.000000 78.000000 0 157.000000 63.000000 0 148.000000 61.000000 0 180.000000 23.000000 0 181.000000 26.000000 0 139.000000 21.000000 0 139.000000 34.000000 0 195.000000 24.000000 0 127.000000 36.000000 0 189.000000 29.000000
00023 10 0 234.000000 76.000000 0 157.000000 63.000000 0 180.000000 23.000000 0 182.000000 20.000000 0 164.000000 18.000000 0 148.000000 60.000000 0 184.000000 24.000000 0 138.000000 35.000000 0 158.000000 1.000000 0 159.000000 1.000000
00024 10 0 234.000000 78.000000 0 159.000000 63.000000 0 180.000000 20.000000 0 183.000000 24.000000 0 148.000000 61.000000 0 128.000000 37.000000 0 152.000000 1.000000 0 162.000000 3.000000 0 128.000000 40.000000 0 168.000000 3.000000
00025 10 0 235.000000 77.000000 0 160.000000 63.000000 0 191.000000 24.000000 0 182.000000 24.000000 0 150.000000 60.000000 0 141.000000 20.000000 0 183.000000 27.000000 0 165.000000 18.000000 0 138.000000 19.000000 0 175.000000 0.000000
00026 10 0 234.000000 78.000000 0 158.000000 64.000000 0 181.000000 25.000000 0 160.000000 3.000000 0 180.000000 20.000000 0 164.000000 18.000000 0 128.000000 40.000000 0 138.000000 37.000000 0 152.000000 0.000000 0 184.000000 28.000000
00027 10 0 235.000000 76.000000 0 160.000000 62.000000 0 182.000000 24.000000 0 182.000000 27.000000 0 183.000000 21.000000 0 197.000000 24.000000 0 139.000000 20.000000 0 151.000000 60.000000 0 190.000000 25.000000 0 125.000000 34.000000
00028 10 0 234.000000 77.000000 0 159.000000 64.000000 0 181.000000 24.000000 0 181.000000 20.000000 0 127.000000 39.000000 0 160.000000 3.000000 0 149.000000 61.000000 0 151.000000 34.000000 0 182.000000 28.000000 0 151.000000 35.000000
00029 10 0 234.000000 76.000000 0 158.000000 63.000000 0 182.000000 19.000000 0 151.000000 36.000000 0 151.000000 0.000000 0 135.000000 19.000000 0 154.000000 0.000000 0 164.000000 18.000000 0 191.000000 27.000000 0 139.000000 31.000000
00030 10 0 235.000000 76.000000 0 159.000000 63.000000 0 149.000000 60.000000 0 127.000000 35.000000 0 180.000000 23.000000 0 136.000000 19.000000 0 165.000000 17.000000 0 153.000000 0.000000 0 161.000000 2.000000 0 181.000000 20.000000
00031 10 0 236.000000 79.000000 0 235.000000 79.000000 0 236.000000 78.000000 0 159.000000 63.000000 0 149.000000 61.000000 0 159.000000 0.000000 0 128.000000 37.000000 0 181.000000 23.000000 0 190.000000 26.000000 0 140.000000 23.000000
00032 10 0 234.000000 77.000000 0 157.000000 63.000000 0 180.000000 24.000000 0 138.000000 19.000000 0 180.000000 20.000000 0 139.000000 32.000000 0 180.000000 19.000000 0 124.000000 34.000000 0 148.000000 60.000000 0 163.000000 15.000000
00033 10 0 235.000000 78.000000 0 159.000000 63.000000 0 182.000000 23.000000 0 142.000000 22.000000 0 128.000000 36.000000 0 162.000000 3.000000 0 159.000000 3.000000 0 182.000000 28.000000 0 165.000000 19.000000 0 127.000000 32.000000
00034 10 0 158.000000 62.000000 0 159.000000 62.000000 0 234.000000 77.000000 0 138.000000 20.000000 0 149.000000 60.000000 0 189.000000 24.000000 0 180.000000 22.000000 0 181.000000 23.000000 0 125.000000 34.000000 0 130.000000 24.000000
00035 10 0 160.000000 63.000000 0 160.000000 62.000000 0 236.000000 77.000000 0 184.000000 23.000000 0 183.000000 20.000000 0 139.000000 20.000000 0 183.000000 26.000000 0 163.000000 2.000000 0 162.000000 2.000000 0 127.000000 34.000000
00036 10 0 160.000000 63.000000 0 235.000000 78.000000 0 163.000000 4.000000 0 183.000000 20.000000 0 183.000000 24.000000 0 154.000000 2.000000 0 149.000000 62.000000 0 149.000000 61.000000 0 125.000000 35.000000 0 164.000000 19.000000
00037 10 0 160.000000 62.000000 0 235.000000 76.000000 0 183.000000 24.000000 0 127.000000 32.000000 0 183.000000 19.000000 0 128.000000 35.000000 0 191.000000 23.000000 0 167.000000 16.000000 0 144.000000 16.000000 0 176.000000 24.000000
00038 10 0 159.000000 63.000000 0 235.000000 78.000000 0 161.000000 3.000000 0 181.000000 24.000000 0 182.000000 22.000000 0 191.000000 26.000000 0 139.000000 21.000000 0 149.000000 61.000000 0 128.000000 38.000000 0 128.000000 37.000000
00039 9 0 234.000000 78.000000 0 159.000000 63.000000 0 149.000000 61.000000 0 182.000000 23.000000 0 132.000000 31.000000 0 179.000000 23.000000 0 127.000000 34.000000 0 180.000000 20.000000 0 159.000000 3.000000
00040 10 0 234.000000 76.000000 0 158.000000 62.000000 0 178.000000 20.000000 0 180.000000 23.000000 0 161.000000 2.000000 0 127.000000 32.000000 0 148.000000 60.000000 0 156.000000 1.000000 0 162.000000 16.000000 0 151.000000 34.000000
00041 10 0 160.000000 62.000000 0 236.000000 77.000000 0 182.000000 22.000000 0 151.000000 61.000000 0 138.000000 20.000000 0 138.000000 23.000000 0 153.000000 1.000000 0 154.000000 1.000000 0 163.000000 3.000000 0 152.000000 37.000000
00042 10 0 234.000000 76.000000 0 159.000000 63.000000 0 181.000000 23.000000 0 137.000000 19.000000 0 188.000000 28.000000 0 124.000000 34.000000 0 149.000000 60.000000 0 190.000000 24.000000 0 163.000000 18.000000 0 128.000000 39.000000
00043 10 0 237.000000 77.000000 0 159.000000 63.000000 0 151.000000 61.000000 0 140.000000 21.000000 0 126.000000 34.000000 0 182.000000 24.000000 0 183.000000 24.000000 0 152.000000 17.000000 0 182.000000 27.000000 0 183.000000 21.000000
00044 10 0 236.000000 78.000000 0 159.000000 63.000000 0 181.000000 24.000000 0 128.000000 32.000000 0 163.000000 3.000000 0 136.000000 21.000000 0 183.000000 28.000000 0 152.000000 1.000000 0 127.000000 36.000000 0 170.000000 2.000000
00045 10 0 234.000000 77.000000 0 159.000000 62.000000 0 148.000000 61.000000 0 136.000000 21.000000 0 181.000000 24.000000 0 127.000000 35.000000 0 159.000000 2.000000 0 180.000000 20.000000 0 184.000000 20.000000 0 124.000000 34.000000
00046 10 0 234.000000 76.000000 0 160.000000 61.000000 0 149.000000 60.000000 0 140.000000 19.000000 0 181.000000 20.000000 0 180.000000 20.000000 0 183.000000 24.000000 0 155.000000 0.000000 0 159.000000 1.000000 0 162.000000 2.000000
00047 10 0 234.000000 76.000000 0 158.000000 62.000000 0 158.000000 61.000000 0 165.000000 0.000000 0 168.000000 0.000000 0 181.000000 23.000000 0 162.000000 2.000000 0 131.000000 28.000000 0 189.000000 24.000000 0 152.000000 33.000000
00048 10 0 235.000000 78.000000 0 160.000000 63.000000 0 160.000000 3.000000 0 165.000000 19.000000 0 181.000000 22.000000 0 163.000000 4.000000 0 128.000000 36.000000 0 125.000000 35.000000 0 151.000000 36.000000 0 192.000000 25.000000
00049 10 0 237.000000 77.000000 0 159.000000 62.000000 0 128.000000 32.000000 0 141.000000 20.000000 0 151.000000 61.000000 0 162.000000 3.000000 0 137.000000 20.000000 0 184.000000 22.000000 0 160.000000 0.000000 0 134.000000 23.000000
00050 10 0 234.000000 76.000000 0 235.000000 76.000000 0 159.000000 61.000000 0 190.000000 27.000000 0 136.000000 20.000000 0 149.000000 60.000000 0 181.000000 23.000000 0 128.000000 31.000000 0 127.000000 34.000000 0 81.000000 55.000000
