00001 10 0 17.000000 250.000000 0 17.000000 249.000000 0 18.000000 247.000000 0 16.000000 245.000000 0 248.000000 68.000000 0 253.000000 72.000000 0 245.000000 61.000000 0 243.000000 55.000000 0 254.000000 76.000000 0 240.000000 50.000000
00002 10 0 18.000000 248.000000 0 253.000000 72.000000 0 250.000000 67.000000 0 245.000000 56.000000 0 248.000000 63.000000 0 240.000000 51.000000 0 240.000000 47.000000 0 243.000000 52.000000 0 237.000000 37.000000 0 228.000000 19.000000
00003 10 0 17.000000 249.000000 0 245.000000 63.000000 0 250.000000 72.000000 0 248.000000 70.000000 0 17.000000 246.000000 0 17.000000 245.000000 0 253.000000 76.000000 0 240.000000 55.000000 0 242.000000 58.000000 0 237.000000 48.000000
00004 10 0 17.000000 248.000000 0 239.000000 55.000000 0 16.000000 251.000000 0 249.000000 69.000000 0 249.000000 70.000000 0 247.000000 72.000000 0 245.000000 63.000000 0 240.000000 52.000000 0 250.000000 75.000000 0 250.000000 74.000000
00005 10 0 19.000000 247.000000 0 18.000000 247.000000 0 19.000000 243.000000 0 242.000000 50.000000 0 253.000000 71.000000 0 253.000000 70.000000 0 247.000000 59.000000 0 249.000000 63.000000 0 244.000000 54.000000 0 243.000000 54.000000
00006 10 0 248.000000 66.000000 0 16.000000 248.000000 0 245.000000 60.000000 0 16.000000 243.000000 0 16.000000 244.000000 0 252.000000 73.000000 0 252.000000 72.000000 0 253.000000 74.000000 0 255.000000 77.000000 0 240.000000 52.000000
00007 10 0 252.000000 67.000000 0 251.000000 66.000000 0 19.000000 247.000000 0 245.000000 55.000000 0 20.000000 243.000000 0 249.000000 63.000000 0 254.000000 72.000000 0 242.000000 50.000000 0 243.000000 50.000000 0 242.000000 49.000000
00008 10 0 20.000000 248.000000 0 19.000000 248.000000 0 20.000000 244.000000 0 252.000000 68.000000 0 245.000000 56.000000 0 249.000000 63.000000 0 248.000000 60.000000 0 243.000000 52.000000 0 240.000000 47.000000 0 237.000000 36.000000
00009 10 0 19.000000 250.000000 0 20.000000 249.000000 0 19.000000 249.000000 0 19.000000 248.000000 0 21.000000 247.000000 0 20.000000 247.000000 0 20.000000 246.000000 0 253.000000 70.000000 0 245.000000 56.000000 0 20.000000 243.000000
00010 10 0 18.000000 247.000000 0 18.000000 246.000000 0 20.000000 243.000000 0 19.000000 242.000000 0 253.000000 70.000000 0 255.000000 73.000000 0 245.000000 55.000000 0 249.000000 63.000000 0 240.000000 48.000000 0 247.000000 60.000000
00011 10 0 16.000000 250.000000 0 18.000000 247.000000 0 250.000000 72.000000 0 252.000000 75.000000 0 253.000000 75.000000 0 254.000000 80.000000 0 242.000000 58.000000 0 240.000000 53.000000 0 244.000000 63.000000 0 244.000000 62.000000
00012 10 0 18.000000 247.000000 0 18.000000 246.000000 0 20.000000 243.000000 0 19.000000 243.000000 0 19.000000 242.000000 0 245.000000 55.000000 0 253.000000 72.000000 0 254.000000 72.000000 0 250.000000 69.000000 0 249.000000 64.000000
00013 10 0 18.000000 247.000000 0 18.000000 243.000000 0 240.000000 50.000000 0 249.000000 64.000000 0 244.000000 56.000000 0 240.000000 47.000000 0 243.000000 53.000000 0 253.000000 70.000000 0 253.000000 71.000000 0 250.000000 69.000000
00014 10 0 14.000000 248.000000 0 17.000000 247.000000 0 17.000000 246.000000 0 241.000000 55.000000 0 248.000000 70.000000 0 237.000000 47.000000 0 245.000000 63.000000 0 255.000000 80.000000 0 253.000000 76.000000 0 253.000000 75.000000
00015 10 0 16.000000 247.000000 0 16.000000 242.000000 0 249.000000 69.000000 0 253.000000 74.000000 0 255.000000 78.000000 0 239.000000 53.000000 0 243.000000 61.000000 0 245.000000 61.000000 0 237.000000 47.000000 0 238.000000 50.000000
00016 10 0 15.000000 245.000000 0 15.000000 244.000000 0 15.000000 249.000000 0 248.000000 69.000000 0 241.000000 55.000000 0 253.000000 76.000000 0 255.000000 80.000000 0 245.000000 67.000000 0 251.000000 72.000000 0 237.000000 46.000000
00017 10 0 249.000000 72.000000 0 250.000000 72.000000 0 250.000000 71.000000 0 16.000000 249.000000 0 244.000000 61.000000 0 255.000000 78.000000 0 242.000000 57.000000 0 239.000000 53.000000 0 239.000000 52.000000 0 237.000000 45.000000
00018 10 0 19.000000 248.000000 0 18.000000 243.000000 0 247.000000 63.000000 0 250.000000 70.000000 0 250.000000 69.000000 0 253.000000 70.000000 0 241.000000 50.000000 0 254.000000 73.000000 0 254.000000 74.000000 0 242.000000 53.000000
00019 10 0 21.000000 246.000000 0 18.000000 247.000000 0 253.000000 72.000000 0 19.000000 251.000000 0 244.000000 55.000000 0 250.000000 66.000000 0 250.000000 70.000000 0 249.000000 63.000000 0 241.000000 47.000000 0 240.000000 44.000000
00020 10 0 250.000000 68.000000 0 247.000000 64.000000 0 248.000000 64.000000 0 248.000000 63.000000 0 240.000000 50.000000 0 16.000000 244.000000 0 16.000000 247.000000 0 253.000000 71.000000 0 16.000000 243.000000 0 245.000000 60.000000
00021 10 0 15.000000 247.000000 0 249.000000 71.000000 0 247.000000 71.000000 0 245.000000 67.000000 0 253.000000 76.000000 0 253.000000 77.000000 0 237.000000 48.000000 0 237.000000 47.000000 0 245.000000 63.000000 0 239.000000 55.000000
00022 10 0 20.000000 247.000000 0 249.000000 63.000000 0 20.000000 243.000000 0 254.000000 73.000000 0 252.000000 68.000000 0 247.000000 58.000000 0 244.000000 53.000000 0 242.000000 53.000000 0 241.000000 47.000000 0 240.000000 44.000000
00023 10 0 15.000000 247.000000 0 15.000000 246.000000 0 253.000000 76.000000 0 245.000000 67.000000 0 249.000000 70.000000 0 249.000000 71.000000 0 245.000000 63.000000 0 250.000000 72.000000 0 242.000000 60.000000 0 248.000000 67.000000
00024 10 0 245.000000 61.000000 0 15.000000 247.000000 0 250.000000 72.000000 0 16.000000 242.000000 0 237.000000 47.000000 0 249.000000 68.000000 0 242.000000 55.000000 0 246.000000 66.000000 0 240.000000 52.000000 0 255.000000 79.000000
00025 10 0 14.000000 248.000000 0 241.000000 55.000000 0 248.000000 71.000000 0 253.000000 75.000000 0 255.000000 79.000000 0 16.000000 243.000000 0 248.000000 67.000000 0 251.000000 72.000000 0 240.000000 52.000000 0 245.000000 63.000000
00026 10 0 17.000000 248.000000 0 248.000000 68.000000 0 16.000000 243.000000 0 253.000000 74.000000 0 253.000000 75.000000 0 248.000000 64.000000 0 242.000000 56.000000 0 243.000000 55.000000 0 241.000000 52.000000 0 241.000000 51.000000
00027 10 0 15.000000 246.000000 0 15.000000 245.000000 0 247.000000 72.000000 0 15.000000 250.000000 0 245.000000 66.000000 0 253.000000 76.000000 0 245.000000 63.000000 0 239.000000 53.000000 0 237.000000 47.000000 0 255.000000 80.000000
00028 10 0 248.000000 69.000000 0 18.000000 249.000000 0 253.000000 74.000000 0 247.000000 63.000000 0 255.000000 77.000000 0 243.000000 55.000000 0 245.000000 60.000000 0 241.000000 50.000000 0 240.000000 49.000000 0 239.000000 46.000000
00029 10 0 247.000000 63.000000 0 16.000000 247.000000 0 250.000000 69.000000 0 240.000000 50.000000 0 253.000000 71.000000 0 18.000000 243.000000 0 255.000000 75.000000 0 255.000000 74.000000 0 245.000000 59.000000 0 242.000000 56.000000
00030 10 0 18.000000 248.000000 0 20.000000 245.000000 0 253.000000 71.000000 0 243.000000 52.000000 0 249.000000 63.000000 0 248.000000 63.000000 0 246.000000 60.000000 0 241.000000 49.000000 0 249.000000 66.000000 0 238.000000 43.000000
00031 10 0 17.000000 249.000000 0 15.000000 246.000000 0 253.000000 76.000000 0 253.000000 77.000000 0 240.000000 55.000000 0 250.000000 74.000000 0 249.000000 70.000000 0 246.000000 67.000000 0 245.000000 67.000000 0 246.000000 68.000000
00032 10 0 20.000000 243.000000 0 19.000000 248.000000 0 252.000000 68.000000 0 252.000000 67.000000 0 250.000000 63.000000 0 249.000000 63.000000 0 254.000000 73.000000 0 241.000000 47.000000 0 245.000000 55.000000 0 248.000000 59.000000
00033 10 0 17.000000 244.000000 0 252.000000 72.000000 0 247.000000 64.000000 0 248.000000 68.000000 0 255.000000 75.000000 0 243.000000 55.000000 0 239.000000 50.000000 0 244.000000 58.000000 0 236.000000 39.000000 0 225.000000 15.000000
00034 10 0 18.000000 242.000000 0 251.000000 66.000000 0 251.000000 67.000000 0 18.000000 246.000000 0 255.000000 72.000000 0 243.000000 53.000000 0 244.000000 56.000000 0 240.000000 49.000000 0 239.000000 45.000000 0 238.000000 44.000000
00035 10 0 18.000000 247.000000 0 18.000000 243.000000 0 252.000000 69.000000 0 248.000000 66.000000 0 248.000000 63.000000 0 243.000000 52.000000 0 240.000000 47.000000 0 247.000000 60.000000 0 244.000000 56.000000 0 254.000000 74.000000
00036 10 0 18.000000 246.000000 0 17.000000 251.000000 0 249.000000 69.000000 0 250.000000 73.000000 0 247.000000 64.000000 0 253.000000 76.000000 0 253.000000 75.000000 0 243.000000 56.000000 0 237.000000 47.000000 0 241.000000 53.000000
00037 10 0 16.000000 242.000000 0 251.000000 71.000000 0 17.000000 246.000000 0 245.000000 61.000000 0 249.000000 67.000000 0 249.000000 68.000000 0 248.000000 66.000000 0 253.000000 74.000000 0 255.000000 79.000000 0 255.000000 78.000000
00038 10 0 17.000000 246.000000 0 17.000000 245.000000 0 247.000000 64.000000 0 250.000000 71.000000 0 253.000000 75.000000 0 253.000000 76.000000 0 245.000000 61.000000 0 240.000000 55.000000 0 237.000000 47.000000 0 235.000000 39.000000
00039 10 0 18.000000 244.000000 0 18.000000 243.000000 0 240.000000 48.000000 0 18.000000 248.000000 0 255.000000 73.000000 0 245.000000 55.000000 0 252.000000 69.000000 0 249.000000 63.000000 0 250.000000 64.000000 0 240.000000 43.000000
00040 10 0 16.000000 247.000000 0 248.000000 64.000000 0 250.000000 67.000000 0 252.000000 71.000000 0 243.000000 55.000000 0 244.000000 58.000000 0 245.000000 59.000000 0 254.000000 76.000000 0 240.000000 50.000000 0 238.000000 48.000000
00041 10 0 18.000000 246.000000 0 251.000000 66.000000 0 253.000000 70.000000 0 245.000000 55.000000 0 247.000000 61.000000 0 242.000000 51.000000 0 242.000000 50.000000 0 240.000000 44.000000 0 229.000000 20.000000 0 232.000000 26.000000
00042 10 0 247.000000 69.000000 0 15.000000 247.000000 0 248.000000 72.000000 0 245.000000 63.000000 0 16.000000 252.000000 0 250.000000 75.000000 0 253.000000 80.000000 0 240.000000 52.000000 0 237.000000 47.000000 0 253.000000 75.000000
00043 10 0 247.000000 64.000000 0 15.000000 244.000000 0 251.000000 71.000000 0 255.000000 76.000000 0 255.000000 79.000000 0 245.000000 61.000000 0 248.000000 71.000000 0 241.000000 55.000000 0 242.000000 58.000000 0 237.000000 49.000000
00044 10 0 18.000000 243.000000 0 18.000000 247.000000 0 253.000000 70.000000 0 243.000000 56.000000 0 250.000000 66.000000 0 250.000000 65.000000 0 243.000000 53.000000 0 243.000000 52.000000 0 250.000000 69.000000 0 240.000000 49.000000
00045 10 0 247.000000 61.000000 0 250.000000 66.000000 0 250.000000 65.000000 0 19.000000 244.000000 0 18.000000 248.000000 0 18.000000 247.000000 0 18.000000 242.000000 0 18.000000 243.000000 0 19.000000 243.000000 0 250.000000 69.000000
00046 10 0 18.000000 248.000000 0 253.000000 71.000000 0 21.000000 248.000000 0 20.000000 244.000000 0 253.000000 74.000000 0 250.000000 67.000000 0 242.000000 55.000000 0 239.000000 47.000000 0 245.000000 56.000000 0 245.000000 60.000000
00047 10 0 16.000000 247.000000 0 18.000000 245.000000 0 250.000000 73.000000 0 250.000000 72.000000 0 249.000000 69.000000 0 18.000000 251.000000 0 253.000000 75.000000 0 253.000000 76.000000 0 243.000000 56.000000 0 242.000000 56.000000
00048 10 0 16.000000 249.000000 0 16.000000 248.000000 0 255.000000 79.000000 0 249.000000 71.000000 0 15.000000 245.000000 0 253.000000 76.000000 0 239.000000 55.000000 0 243.000000 61.000000 0 236.000000 44.000000 0 255.000000 82.000000
00049 10 0 18.000000 247.000000 0 18.000000 243.000000 0 18.000000 242.000000 0 251.000000 67.000000 0 245.000000 56.000000 0 253.000000 71.000000 0 242.000000 52.000000 0 250.000000 71.000000 0 247.000000 59.000000 0 249.000000 64.000000
00050 10 0 250.000000 72.000000 0 250.000000 71.000000 0 18.000000 247.000000 0 248.000000 67.000000 0 16.000000 252.000000 0 254.000000 80.000000 0 240.000000 56.000000 0 237.000000 44.000000 0 244.000000 61.000000 0 238.000000 52.000000
