00001 10 0 120.000000 248.000000 0 122.000000 255.000000 0 119.000000 253.000000 0 121.000000 255.000000 0 117.000000 252.000000 0 117.000000 253.000000 0 119.000000 252.000000 0 118.000000 252.000000 0 117.000000 251.000000 0 116.000000 252.000000
00002 10 0 121.000000 248.000000 0 120.000000 248.000000 0 123.000000 255.000000 0 120.000000 255.000000 0 121.000000 255.000000 0 122.000000 255.000000 0 123.000000 252.000000 0 123.000000 251.000000 0 122.000000 252.000000 0 124.000000 252.000000
00003 10 0 120.000000 255.000000 0 128.000000 253.000000 0 128.000000 252.000000 0 124.000000 251.000000 0 124.000000 252.000000 0 123.000000 251.000000 0 123.000000 250.000000 0 122.000000 247.000000 0 119.000000 247.000000 0 104.000000 254.000000
00004 10 0 120.000000 248.000000 0 121.000000 255.000000 0 122.000000 255.000000 0 116.000000 255.000000 0 117.000000 255.000000 0 116.000000 254.000000 0 117.000000 254.000000 0 112.000000 248.000000 0 128.000000 253.000000 0 128.000000 252.000000
00005 10 0 120.000000 248.000000 0 122.000000 255.000000 0 121.000000 255.000000 0 117.000000 252.000000 0 115.000000 252.000000 0 116.000000 252.000000 0 115.000000 251.000000 0 117.000000 251.000000 0 116.000000 251.000000 0 111.000000 247.000000
00006 10 0 123.000000 255.000000 0 122.000000 255.000000 0 121.000000 255.000000 0 120.000000 249.000000 0 123.000000 250.000000 0 111.000000 247.000000 0 128.000000 253.000000 0 114.000000 250.000000 0 114.000000 249.000000 0 114.000000 248.000000
00007 10 0 120.000000 248.000000 0 121.000000 255.000000 0 122.000000 255.000000 0 117.000000 252.000000 0 116.000000 252.000000 0 117.000000 251.000000 0 117.000000 253.000000 0 115.000000 251.000000 0 116.000000 251.000000 0 110.000000 248.000000
00008 10 0 119.000000 255.000000 0 118.000000 255.000000 0 119.000000 247.000000 0 124.000000 253.000000 0 124.000000 252.000000 0 123.000000 252.000000 0 122.000000 252.000000 0 123.000000 253.000000 0 123.000000 251.000000 0 116.000000 249.000000
00009 10 0 120.000000 248.000000 0 122.000000 255.000000 0 121.000000 255.000000 0 116.000000 251.000000 0 128.000000 252.000000 0 101.000000 252.000000 0 183.000000 96.000000 0 116.000000 111.000000 0 179.000000 29.000000 0 176.000000 31.000000
00010 10 0 120.000000 248.000000 0 121.000000 255.000000 0 122.000000 255.000000 0 116.000000 255.000000 0 117.000000 254.000000 0 116.000000 254.000000 0 117.000000 255.000000 0 117.000000 253.000000 0 116.000000 253.000000 0 116.000000 252.000000
00011 10 0 120.000000 255.000000 0 122.000000 248.000000 0 123.000000 248.000000 0 115.000000 252.000000 0 115.000000 251.000000 0 102.000000 252.000000 0 183.000000 96.000000 0 128.000000 172.000000 0 117.000000 111.000000 0 180.000000 28.000000
00012 10 0 123.000000 250.000000 0 123.000000 251.000000 0 120.000000 255.000000 0 119.000000 247.000000 0 115.000000 251.000000 0 117.000000 252.000000 0 117.000000 251.000000 0 116.000000 252.000000 0 116.000000 251.000000 0 117.000000 253.000000
00013 10 0 120.000000 255.000000 0 122.000000 248.000000 0 123.000000 248.000000 0 117.000000 253.000000 0 117.000000 252.000000 0 115.000000 251.000000 0 116.000000 251.000000 0 116.000000 252.000000 0 117.000000 251.000000 0 110.000000 247.000000
00014 10 0 120.000000 255.000000 0 122.000000 248.000000 0 123.000000 248.000000 0 116.000000 251.000000 0 117.000000 251.000000 0 117.000000 252.000000 0 118.000000 251.000000 0 119.000000 245.000000 0 103.000000 252.000000 0 183.000000 96.000000
00015 10 0 122.000000 248.000000 0 123.000000 248.000000 0 120.000000 255.000000 0 111.000000 248.000000 0 114.000000 249.000000 0 114.000000 248.000000 0 115.000000 247.000000 0 115.000000 252.000000 0 115.000000 255.000000 0 106.000000 253.000000
00016 10 0 123.000000 255.000000 0 122.000000 255.000000 0 121.000000 255.000000 0 120.000000 249.000000 0 123.000000 250.000000 0 111.000000 247.000000 0 114.000000 248.000000 0 115.000000 247.000000 0 114.000000 247.000000 0 114.000000 246.000000
00017 10 0 120.000000 255.000000 0 123.000000 251.000000 0 123.000000 248.000000 0 122.000000 248.000000 0 115.000000 252.000000 0 127.000000 255.000000 0 111.000000 248.000000 0 116.000000 246.000000 0 107.000000 252.000000 0 103.000000 252.000000
00018 10 0 123.000000 252.000000 0 122.000000 252.000000 0 121.000000 252.000000 0 122.000000 251.000000 0 120.000000 251.000000 0 121.000000 251.000000 0 123.000000 247.000000 0 117.000000 253.000000 0 116.000000 251.000000 0 116.000000 252.000000
00019 10 0 120.000000 248.000000 0 122.000000 255.000000 0 121.000000 255.000000 0 117.000000 253.000000 0 117.000000 252.000000 0 112.000000 251.000000 0 112.000000 249.000000 0 112.000000 250.000000 0 112.000000 248.000000 0 112.000000 247.000000
00020 10 0 120.000000 255.000000 0 124.000000 252.000000 0 123.000000 252.000000 0 124.000000 251.000000 0 123.000000 251.000000 0 122.000000 251.000000 0 123.000000 250.000000 0 122.000000 250.000000 0 117.000000 246.000000 0 113.000000 248.000000
00021 10 0 124.000000 253.000000 0 123.000000 253.000000 0 124.000000 252.000000 0 123.000000 252.000000 0 122.000000 252.000000 0 123.000000 251.000000 0 120.000000 248.000000 0 119.000000 252.000000 0 115.000000 247.000000 0 115.000000 246.000000
00022 10 0 120.000000 248.000000 0 121.000000 255.000000 0 122.000000 255.000000 0 114.000000 248.000000 0 114.000000 249.000000 0 115.000000 252.000000 0 115.000000 255.000000 0 111.000000 248.000000 0 101.000000 252.000000 0 183.000000 96.000000
00023 10 0 119.000000 252.000000 0 120.000000 248.000000 0 114.000000 251.000000 0 122.000000 255.000000 0 114.000000 250.000000 0 103.000000 252.000000 0 179.000000 29.000000 0 128.000000 174.000000 0 128.000000 175.000000 0 116.000000 111.000000
00024 10 0 120.000000 248.000000 0 122.000000 255.000000 0 121.000000 255.000000 0 128.000000 252.000000 0 128.000000 253.000000 0 117.000000 254.000000 0 117.000000 253.000000 0 116.000000 255.000000 0 117.000000 255.000000 0 115.000000 248.000000
00025 10 0 124.000000 255.000000 0 123.000000 255.000000 0 123.000000 254.000000 0 116.000000 255.000000 0 116.000000 254.000000 0 122.000000 251.000000 0 121.000000 251.000000 0 122.000000 250.000000 0 120.000000 250.000000 0 121.000000 250.000000
00026 10 0 123.000000 249.000000 0 123.000000 248.000000 0 122.000000 248.000000 0 120.000000 255.000000 0 121.000000 254.000000 0 120.000000 254.000000 0 119.000000 255.000000 0 127.000000 255.000000 0 114.000000 248.000000 0 114.000000 249.000000
00027 10 0 120.000000 255.000000 0 123.000000 248.000000 0 122.000000 248.000000 0 114.000000 248.000000 0 112.000000 249.000000 0 111.000000 248.000000 0 112.000000 248.000000 0 113.000000 248.000000 0 101.000000 252.000000 0 130.000000 173.000000
00028 10 0 120.000000 248.000000 0 122.000000 255.000000 0 121.000000 255.000000 0 114.000000 249.000000 0 114.000000 248.000000 0 115.000000 246.000000 0 115.000000 252.000000 0 119.000000 245.000000 0 115.000000 255.000000 0 111.000000 255.000000
00029 10 0 120.000000 248.000000 0 121.000000 254.000000 0 120.000000 253.000000 0 121.000000 253.000000 0 122.000000 253.000000 0 128.000000 254.000000 0 112.000000 248.000000 0 112.000000 249.000000 0 113.000000 248.000000 0 114.000000 248.000000
00030 10 0 124.000000 255.000000 0 123.000000 255.000000 0 123.000000 254.000000 0 119.000000 255.000000 0 122.000000 250.000000 0 121.000000 251.000000 0 122.000000 251.000000 0 120.000000 250.000000 0 121.000000 249.000000 0 120.000000 249.000000
00031 10 0 120.000000 248.000000 0 124.000000 255.000000 0 123.000000 255.000000 0 123.000000 254.000000 0 121.000000 254.000000 0 122.000000 254.000000 0 120.000000 253.000000 0 121.000000 253.000000 0 122.000000 253.000000 0 112.000000 247.000000
00032 10 0 120.000000 249.000000 0 119.000000 252.000000 0 120.000000 248.000000 0 120.000000 255.000000 0 124.000000 252.000000 0 123.000000 252.000000 0 125.000000 252.000000 0 115.000000 246.000000 0 114.000000 246.000000 0 116.000000 111.000000
00033 10 0 123.000000 251.000000 0 118.000000 246.000000 0 119.000000 246.000000 0 111.000000 248.000000 0 112.000000 247.000000 0 101.000000 252.000000 0 100.000000 252.000000 0 183.000000 96.000000 0 180.000000 28.000000 0 117.000000 111.000000
00034 10 0 120.000000 248.000000 0 121.000000 255.000000 0 122.000000 255.000000 0 117.000000 254.000000 0 116.000000 255.000000 0 117.000000 253.000000 0 117.000000 255.000000 0 115.000000 250.000000 0 115.000000 248.000000 0 115.000000 249.000000
00035 10 0 120.000000 248.000000 0 122.000000 255.000000 0 121.000000 255.000000 0 117.000000 253.000000 0 116.000000 252.000000 0 115.000000 251.000000 0 117.000000 251.000000 0 117.000000 252.000000 0 116.000000 251.000000 0 115.000000 247.000000
00036 10 0 120.000000 255.000000 0 124.000000 252.000000 0 123.000000 252.000000 0 124.000000 251.000000 0 123.000000 250.000000 0 122.000000 251.000000 0 123.000000 251.000000 0 122.000000 250.000000 0 120.000000 247.000000 0 114.000000 248.000000
00037 10 0 124.000000 253.000000 0 122.000000 252.000000 0 123.000000 253.000000 0 124.000000 252.000000 0 123.000000 252.000000 0 120.000000 248.000000 0 123.000000 251.000000 0 115.000000 255.000000 0 115.000000 254.000000 0 114.000000 248.000000
00038 10 0 123.000000 248.000000 0 122.000000 248.000000 0 123.000000 255.000000 0 122.000000 255.000000 0 121.000000 255.000000 0 115.000000 254.000000 0 127.000000 252.000000 0 115.000000 255.000000 0 114.000000 250.000000 0 116.000000 245.000000
00039 10 0 120.000000 248.000000 0 123.000000 252.000000 0 124.000000 252.000000 0 114.000000 248.000000 0 124.000000 251.000000 0 119.000000 255.000000 0 102.000000 252.000000 0 101.000000 252.000000 0 183.000000 96.000000 0 178.000000 31.000000
00040 10 0 120.000000 248.000000 0 121.000000 255.000000 0 122.000000 255.000000 0 116.000000 255.000000 0 117.000000 255.000000 0 117.000000 253.000000 0 117.000000 254.000000 0 116.000000 249.000000 0 116.000000 250.000000 0 115.000000 249.000000
00041 10 0 120.000000 248.000000 0 122.000000 255.000000 0 119.000000 252.000000 0 121.000000 255.000000 0 114.000000 250.000000 0 114.000000 251.000000 0 111.000000 247.000000 0 102.000000 252.000000 0 101.000000 252.000000 0 102.000000 251.000000
00042 10 0 120.000000 248.000000 0 122.000000 255.000000 0 121.000000 255.000000 0 114.000000 248.000000 0 129.000000 252.000000 0 106.000000 252.000000 0 103.000000 252.000000 0 183.000000 96.000000 0 116.000000 111.000000 0 180.000000 29.000000
00043 10 0 121.000000 252.000000 0 122.000000 252.000000 0 120.000000 252.000000 0 121.000000 251.000000 0 123.000000 251.000000 0 122.000000 251.000000 0 117.000000 252.000000 0 128.000000 252.000000 0 117.000000 253.000000 0 116.000000 252.000000
00044 10 0 123.000000 255.000000 0 122.000000 255.000000 0 123.000000 254.000000 0 119.000000 252.000000 0 115.000000 252.000000 0 114.000000 252.000000 0 119.000000 251.000000 0 121.000000 248.000000 0 115.000000 251.000000 0 114.000000 251.000000
00045 10 0 122.000000 252.000000 0 120.000000 252.000000 0 121.000000 252.000000 0 123.000000 251.000000 0 122.000000 251.000000 0 121.000000 251.000000 0 116.000000 253.000000 0 117.000000 252.000000 0 116.000000 252.000000 0 114.000000 247.000000
00046 10 0 124.000000 255.000000 0 123.000000 255.000000 0 116.000000 255.000000 0 123.000000 254.000000 0 122.000000 251.000000 0 121.000000 251.000000 0 122.000000 250.000000 0 120.000000 250.000000 0 121.000000 250.000000 0 121.000000 249.000000
00047 10 0 120.000000 247.000000 0 120.000000 255.000000 0 123.000000 248.000000 0 123.000000 249.000000 0 127.000000 255.000000 0 116.000000 255.000000 0 117.000000 254.000000 0 117.000000 253.000000 0 117.000000 255.000000 0 115.000000 250.000000
00048 10 0 120.000000 248.000000 0 122.000000 255.000000 0 121.000000 255.000000 0 114.000000 246.000000 0 111.000000 247.000000 0 108.000000 255.000000 0 101.000000 252.000000 0 102.000000 252.000000 0 178.000000 31.000000 0 183.000000 96.000000
00049 10 0 120.000000 247.000000 0 122.000000 255.000000 0 119.000000 255.000000 0 121.000000 255.000000 0 112.000000 249.000000 0 112.000000 248.000000 0 114.000000 248.000000 0 128.000000 255.000000 0 113.000000 248.000000 0 116.000000 245.000000
00050 10 0 123.000000 253.000000 0 122.000000 253.000000 0 122.000000 252.000000 0 123.000000 252.000000 0 128.000000 255.000000 0 122.000000 248.000000 0 120.000000 248.000000 0 121.000000 248.000000 0 115.000000 251.000000 0 116.000000 251.000000
