00001 10 0 75.000000 2.000000 0 32.000000 57.000000 0 79.000000 0.000000 0 37.000000 41.000000 0 43.000000 63.000000 0 72.000000 59.000000 0 138.000000 13.000000 0 47.000000 45.000000 0 58.000000 39.000000 0 50.000000 46.000000
00002 10 0 76.000000 1.000000 0 76.000000 4.000000 0 79.000000 4.000000 0 32.000000 59.000000 0 73.000000 61.000000 0 37.000000 43.000000 0 44.000000 65.000000 0 48.000000 47.000000 0 48.000000 0.000000 0 157.000000 0.000000
00003 10 0 77.000000 4.000000 0 76.000000 1.000000 0 77.000000 1.000000 0 32.000000 58.000000 0 32.000000 59.000000 0 38.000000 43.000000 0 39.000000 44.000000 0 74.000000 61.000000 0 74.000000 60.000000 0 49.000000 47.000000
00004 10 0 74.000000 0.000000 0 77.000000 0.000000 0 31.000000 55.000000 0 35.000000 39.000000 0 71.000000 57.000000 0 71.000000 58.000000 0 42.000000 61.000000 0 138.000000 12.000000 0 127.000000 14.000000 0 126.000000 14.000000
00005 10 0 77.000000 1.000000 0 77.000000 0.000000 0 34.000000 55.000000 0 39.000000 40.000000 0 44.000000 61.000000 0 74.000000 58.000000 0 45.000000 62.000000 0 43.000000 43.000000 0 42.000000 43.000000 0 128.000000 14.000000
00006 10 0 77.000000 0.000000 0 32.000000 55.000000 0 33.000000 55.000000 0 39.000000 40.000000 0 74.000000 58.000000 0 44.000000 61.000000 0 74.000000 57.000000 0 139.000000 11.000000 0 129.000000 13.000000 0 48.000000 44.000000
00007 10 0 78.000000 1.000000 0 34.000000 56.000000 0 39.000000 40.000000 0 45.000000 62.000000 0 74.000000 58.000000 0 131.000000 15.000000 0 49.000000 44.000000 0 48.000000 44.000000 0 140.000000 12.000000 0 44.000000 43.000000
00008 10 0 77.000000 0.000000 0 77.000000 2.000000 0 34.000000 58.000000 0 34.000000 57.000000 0 47.000000 64.000000 0 39.000000 42.000000 0 75.000000 60.000000 0 48.000000 48.000000 0 43.000000 45.000000 0 51.000000 47.000000
00009 10 0 78.000000 0.000000 0 34.000000 57.000000 0 40.000000 42.000000 0 75.000000 60.000000 0 47.000000 64.000000 0 43.000000 45.000000 0 51.000000 47.000000 0 140.000000 12.000000 0 130.000000 15.000000 0 131.000000 16.000000
00010 10 0 73.000000 0.000000 0 31.000000 57.000000 0 71.000000 59.000000 0 34.000000 42.000000 0 43.000000 64.000000 0 136.000000 14.000000 0 136.000000 13.000000 0 46.000000 47.000000 0 40.000000 44.000000 0 127.000000 16.000000
00011 10 0 74.000000 0.000000 0 31.000000 55.000000 0 72.000000 56.000000 0 35.000000 39.000000 0 43.000000 62.000000 0 137.000000 11.000000 0 47.000000 44.000000 0 40.000000 43.000000 0 128.000000 14.000000 0 127.000000 14.000000
00012 10 0 77.000000 0.000000 0 77.000000 1.000000 0 34.000000 56.000000 0 39.000000 40.000000 0 47.000000 63.000000 0 46.000000 63.000000 0 75.000000 59.000000 0 48.000000 45.000000 0 141.000000 13.000000 0 140.000000 13.000000
00013 10 0 76.000000 4.000000 0 75.000000 4.000000 0 32.000000 59.000000 0 75.000000 1.000000 0 37.000000 43.000000 0 72.000000 61.000000 0 48.000000 47.000000 0 44.000000 65.000000 0 138.000000 15.000000 0 138.000000 16.000000
00014 10 0 74.000000 2.000000 0 74.000000 1.000000 0 73.000000 1.000000 0 31.000000 56.000000 0 36.000000 41.000000 0 136.000000 12.000000 0 43.000000 63.000000 0 71.000000 59.000000 0 45.000000 45.000000 0 127.000000 15.000000
00015 10 0 76.000000 2.000000 0 32.000000 58.000000 0 38.000000 43.000000 0 48.000000 47.000000 0 44.000000 65.000000 0 74.000000 61.000000 0 48.000000 0.000000 0 139.000000 14.000000 0 139.000000 15.000000 0 129.000000 18.000000
00016 10 0 76.000000 4.000000 0 75.000000 4.000000 0 76.000000 1.000000 0 32.000000 59.000000 0 37.000000 43.000000 0 72.000000 61.000000 0 44.000000 65.000000 0 138.000000 15.000000 0 48.000000 48.000000 0 48.000000 0.000000
00017 10 0 77.000000 1.000000 0 39.000000 40.000000 0 34.000000 56.000000 0 75.000000 58.000000 0 45.000000 62.000000 0 48.000000 63.000000 0 131.000000 15.000000 0 140.000000 12.000000 0 50.000000 45.000000 0 43.000000 43.000000
00018 10 0 78.000000 1.000000 0 77.000000 1.000000 0 39.000000 40.000000 0 34.000000 56.000000 0 75.000000 58.000000 0 131.000000 15.000000 0 49.000000 45.000000 0 48.000000 45.000000 0 141.000000 12.000000 0 45.000000 62.000000
00019 10 0 74.000000 1.000000 0 31.000000 56.000000 0 35.000000 40.000000 0 36.000000 40.000000 0 71.000000 58.000000 0 43.000000 63.000000 0 40.000000 43.000000 0 48.000000 47.000000 0 136.000000 12.000000 0 127.000000 15.000000
00020 10 0 74.000000 0.000000 0 31.000000 56.000000 0 43.000000 63.000000 0 35.000000 40.000000 0 71.000000 59.000000 0 136.000000 12.000000 0 136.000000 13.000000 0 48.000000 46.000000 0 47.000000 45.000000 0 46.000000 45.000000
00021 10 0 77.000000 3.000000 0 77.000000 0.000000 0 34.000000 58.000000 0 39.000000 42.000000 0 75.000000 60.000000 0 47.000000 64.000000 0 130.000000 16.000000 0 48.000000 46.000000 0 49.000000 46.000000 0 42.000000 45.000000
00022 10 0 77.000000 0.000000 0 77.000000 1.000000 0 34.000000 58.000000 0 39.000000 42.000000 0 74.000000 60.000000 0 75.000000 60.000000 0 47.000000 64.000000 0 48.000000 47.000000 0 140.000000 14.000000 0 140.000000 13.000000
00023 10 0 76.000000 0.000000 0 32.000000 55.000000 0 37.000000 39.000000 0 74.000000 57.000000 0 74.000000 56.000000 0 44.000000 61.000000 0 48.000000 44.000000 0 42.000000 42.000000 0 58.000000 39.000000 0 139.000000 11.000000
00024 10 0 74.000000 0.000000 0 73.000000 0.000000 0 31.000000 56.000000 0 35.000000 42.000000 0 71.000000 60.000000 0 71.000000 59.000000 0 41.000000 63.000000 0 48.000000 47.000000 0 136.000000 13.000000 0 39.000000 45.000000
00025 10 0 77.000000 1.000000 0 34.000000 56.000000 0 39.000000 40.000000 0 46.000000 63.000000 0 140.000000 12.000000 0 74.000000 59.000000 0 74.000000 58.000000 0 131.000000 15.000000 0 51.000000 45.000000 0 59.000000 39.000000
00026 10 0 73.000000 0.000000 0 31.000000 57.000000 0 35.000000 41.000000 0 71.000000 59.000000 0 40.000000 63.000000 0 136.000000 13.000000 0 127.000000 15.000000 0 48.000000 48.000000 0 39.000000 45.000000 0 39.000000 44.000000
00027 10 0 77.000000 0.000000 0 76.000000 0.000000 0 33.000000 55.000000 0 34.000000 55.000000 0 39.000000 40.000000 0 74.000000 57.000000 0 44.000000 61.000000 0 139.000000 11.000000 0 48.000000 44.000000 0 128.000000 13.000000
00028 10 0 77.000000 1.000000 0 77.000000 0.000000 0 34.000000 56.000000 0 39.000000 40.000000 0 140.000000 12.000000 0 75.000000 59.000000 0 141.000000 12.000000 0 46.000000 63.000000 0 47.000000 63.000000 0 131.000000 15.000000
00029 10 0 77.000000 0.000000 0 78.000000 3.000000 0 77.000000 3.000000 0 34.000000 58.000000 0 34.000000 57.000000 0 47.000000 64.000000 0 75.000000 60.000000 0 39.000000 42.000000 0 141.000000 15.000000 0 51.000000 48.000000
00030 10 0 75.000000 2.000000 0 32.000000 59.000000 0 47.000000 47.000000 0 36.000000 43.000000 0 72.000000 61.000000 0 43.000000 65.000000 0 138.000000 16.000000 0 128.000000 18.000000 0 96.000000 0.000000 0 47.000000 66.000000
00031 10 0 73.000000 1.000000 0 73.000000 2.000000 0 74.000000 1.000000 0 77.000000 1.000000 0 31.000000 56.000000 0 35.000000 40.000000 0 43.000000 63.000000 0 42.000000 63.000000 0 71.000000 59.000000 0 127.000000 15.000000
00032 10 0 77.000000 0.000000 0 33.000000 56.000000 0 39.000000 40.000000 0 74.000000 57.000000 0 44.000000 61.000000 0 140.000000 12.000000 0 140.000000 11.000000 0 48.000000 44.000000 0 42.000000 41.000000 0 42.000000 42.000000
00033 10 0 77.000000 0.000000 0 34.000000 57.000000 0 39.000000 42.000000 0 45.000000 63.000000 0 75.000000 59.000000 0 48.000000 45.000000 0 43.000000 45.000000 0 44.000000 45.000000 0 129.000000 15.000000 0 130.000000 15.000000
00034 10 0 75.000000 1.000000 0 74.000000 1.000000 0 31.000000 59.000000 0 36.000000 43.000000 0 72.000000 61.000000 0 43.000000 65.000000 0 128.000000 17.000000 0 47.000000 47.000000 0 138.000000 15.000000 0 47.000000 0.000000
00035 10 0 77.000000 1.000000 0 39.000000 40.000000 0 34.000000 55.000000 0 74.000000 58.000000 0 45.000000 62.000000 0 43.000000 42.000000 0 140.000000 12.000000 0 47.000000 44.000000 0 51.000000 45.000000 0 50.000000 45.000000
00036 10 0 77.000000 1.000000 0 78.000000 1.000000 0 77.000000 0.000000 0 34.000000 56.000000 0 39.000000 40.000000 0 47.000000 63.000000 0 75.000000 58.000000 0 51.000000 46.000000 0 51.000000 47.000000 0 140.000000 12.000000
00037 10 0 73.000000 2.000000 0 31.000000 57.000000 0 71.000000 59.000000 0 35.000000 42.000000 0 43.000000 64.000000 0 136.000000 12.000000 0 40.000000 44.000000 0 127.000000 15.000000 0 46.000000 46.000000 0 45.000000 46.000000
00038 10 0 77.000000 0.000000 0 77.000000 1.000000 0 39.000000 43.000000 0 34.000000 58.000000 0 33.000000 58.000000 0 74.000000 60.000000 0 45.000000 64.000000 0 140.000000 15.000000 0 51.000000 48.000000 0 44.000000 47.000000
00039 10 0 76.000000 4.000000 0 75.000000 4.000000 0 75.000000 1.000000 0 32.000000 59.000000 0 36.000000 43.000000 0 72.000000 61.000000 0 44.000000 65.000000 0 138.000000 15.000000 0 47.000000 48.000000 0 96.000000 0.000000
00040 10 0 74.000000 1.000000 0 74.000000 4.000000 0 31.000000 58.000000 0 35.000000 42.000000 0 128.000000 16.000000 0 39.000000 45.000000 0 71.000000 60.000000 0 48.000000 48.000000 0 47.000000 47.000000 0 136.000000 13.000000
00041 10 0 77.000000 0.000000 0 35.000000 58.000000 0 39.000000 42.000000 0 46.000000 64.000000 0 75.000000 60.000000 0 74.000000 60.000000 0 130.000000 16.000000 0 52.000000 48.000000 0 43.000000 45.000000 0 140.000000 13.000000
00042 10 0 74.000000 4.000000 0 75.000000 4.000000 0 74.000000 1.000000 0 31.000000 58.000000 0 35.000000 42.000000 0 35.000000 43.000000 0 71.000000 61.000000 0 43.000000 65.000000 0 127.000000 17.000000 0 39.000000 45.000000
00043 10 0 77.000000 1.000000 0 77.000000 4.000000 0 34.000000 58.000000 0 33.000000 58.000000 0 39.000000 43.000000 0 140.000000 15.000000 0 48.000000 47.000000 0 45.000000 65.000000 0 74.000000 61.000000 0 42.000000 45.000000
00044 10 0 77.000000 1.000000 0 77.000000 0.000000 0 32.000000 55.000000 0 39.000000 40.000000 0 44.000000 61.000000 0 45.000000 62.000000 0 140.000000 12.000000 0 74.000000 58.000000 0 51.000000 45.000000 0 50.000000 45.000000
00045 10 0 77.000000 1.000000 0 34.000000 56.000000 0 39.000000 40.000000 0 74.000000 58.000000 0 43.000000 43.000000 0 44.000000 61.000000 0 51.000000 45.000000 0 140.000000 12.000000 0 50.000000 45.000000 0 132.000000 14.000000
00046 10 0 77.000000 2.000000 0 77.000000 1.000000 0 34.000000 56.000000 0 39.000000 40.000000 0 47.000000 63.000000 0 46.000000 63.000000 0 75.000000 59.000000 0 140.000000 12.000000 0 43.000000 44.000000 0 129.000000 15.000000
00047 10 0 74.000000 0.000000 0 32.000000 55.000000 0 31.000000 55.000000 0 35.000000 39.000000 0 72.000000 57.000000 0 42.000000 61.000000 0 138.000000 12.000000 0 138.000000 11.000000 0 41.000000 42.000000 0 46.000000 44.000000
00048 10 0 74.000000 1.000000 0 75.000000 4.000000 0 31.000000 58.000000 0 36.000000 43.000000 0 43.000000 66.000000 0 72.000000 61.000000 0 47.000000 0.000000 0 138.000000 15.000000 0 47.000000 47.000000 0 128.000000 18.000000
00049 10 0 77.000000 0.000000 0 77.000000 3.000000 0 34.000000 58.000000 0 39.000000 42.000000 0 75.000000 60.000000 0 74.000000 60.000000 0 45.000000 64.000000 0 130.000000 16.000000 0 131.000000 16.000000 0 48.000000 47.000000
00050 10 0 76.000000 0.000000 0 77.000000 0.000000 0 32.000000 55.000000 0 39.000000 40.000000 0 44.000000 61.000000 0 45.000000 61.000000 0 139.000000 11.000000 0 48.000000 44.000000 0 74.000000 57.000000 0 42.000000 42.000000
