00001 10 0 40.000000 53.000000 0 5.000000 192.000000 0 31.000000 62.000000 0 99.000000 173.000000 0 4.000000 78.000000 0 0.000000 83.000000 0 101.000000 139.000000 0 93.000000 142.000000 0 75.000000 187.000000 0 90.000000 192.000000
00002 10 0 40.000000 55.000000 0 98.000000 175.000000 0 3.000000 195.000000 0 134.000000 128.000000 0 91.000000 143.000000 0 102.000000 141.000000 0 218.000000 95.000000 0 99.000000 141.000000 0 99.000000 142.000000 0 159.000000 72.000000
00003 10 0 39.000000 51.000000 0 78.000000 255.000000 0 29.000000 61.000000 0 98.000000 172.000000 0 3.000000 192.000000 0 91.000000 141.000000 0 2.000000 76.000000 0 74.000000 184.000000 0 92.000000 185.000000 0 216.000000 96.000000
00004 10 0 42.000000 53.000000 0 7.000000 194.000000 0 96.000000 187.000000 0 101.000000 172.000000 0 136.000000 127.000000 0 103.000000 175.000000 0 104.000000 139.000000 0 80.000000 174.000000 0 99.000000 212.000000 0 216.000000 90.000000
00005 10 0 42.000000 54.000000 0 96.000000 144.000000 0 101.000000 175.000000 0 6.000000 196.000000 0 75.000000 191.000000 0 80.000000 170.000000 0 74.000000 196.000000 0 104.000000 143.000000 0 77.000000 187.000000 0 97.000000 216.000000
00006 10 0 41.000000 55.000000 0 75.000000 192.000000 0 32.000000 63.000000 0 7.000000 194.000000 0 100.000000 175.000000 0 72.000000 200.000000 0 103.000000 173.000000 0 93.000000 143.000000 0 5.000000 79.000000 0 76.000000 188.000000
00007 10 0 38.000000 53.000000 0 3.000000 192.000000 0 117.000000 253.000000 0 101.000000 139.000000 0 69.000000 215.000000 0 98.000000 138.000000 0 72.000000 188.000000 0 88.000000 191.000000 0 92.000000 141.000000 0 96.000000 174.000000
00008 10 0 40.000000 51.000000 0 104.000000 137.000000 0 32.000000 60.000000 0 98.000000 172.000000 0 95.000000 184.000000 0 215.000000 88.000000 0 5.000000 191.000000 0 101.000000 171.000000 0 103.000000 168.000000 0 92.000000 191.000000
00009 10 0 42.000000 53.000000 0 7.000000 193.000000 0 96.000000 144.000000 0 95.000000 188.000000 0 105.000000 139.000000 0 79.000000 177.000000 0 101.000000 139.000000 0 81.000000 170.000000 0 32.000000 62.000000 0 115.000000 234.000000
00010 10 0 38.000000 52.000000 0 92.000000 142.000000 0 100.000000 168.000000 0 3.000000 192.000000 0 80.000000 160.000000 0 72.000000 187.000000 0 29.000000 61.000000 0 98.000000 171.000000 0 112.000000 233.000000 0 101.000000 138.000000
00011 10 0 40.000000 55.000000 0 32.000000 64.000000 0 101.000000 141.000000 0 100.000000 175.000000 0 136.000000 128.000000 0 5.000000 79.000000 0 5.000000 194.000000 0 45.000000 46.000000 0 214.000000 92.000000 0 93.000000 189.000000
00012 10 0 41.000000 52.000000 0 32.000000 60.000000 0 101.000000 171.000000 0 103.000000 168.000000 0 80.000000 167.000000 0 106.000000 137.000000 0 74.000000 192.000000 0 6.000000 191.000000 0 76.000000 185.000000 0 103.000000 139.000000
00013 10 0 42.000000 53.000000 0 96.000000 143.000000 0 7.000000 192.000000 0 100.000000 173.000000 0 32.000000 62.000000 0 216.000000 89.000000 0 80.000000 173.000000 0 80.000000 169.000000 0 162.000000 71.000000 0 77.000000 186.000000
00014 10 0 42.000000 52.000000 0 95.000000 143.000000 0 95.000000 184.000000 0 8.000000 192.000000 0 120.000000 252.000000 0 89.000000 184.000000 0 115.000000 233.000000 0 75.000000 231.000000 0 89.000000 191.000000 0 76.000000 189.000000
00015 10 0 39.000000 51.000000 0 4.000000 191.000000 0 74.000000 184.000000 0 72.000000 191.000000 0 93.000000 141.000000 0 100.000000 171.000000 0 77.000000 247.000000 0 86.000000 183.000000 0 79.000000 167.000000 0 103.000000 136.000000
00016 10 0 39.000000 55.000000 0 40.000000 55.000000 0 4.000000 194.000000 0 218.000000 0.000000 0 29.000000 64.000000 0 103.000000 140.000000 0 3.000000 79.000000 0 93.000000 144.000000 0 99.000000 175.000000 0 72.000000 199.000000
00017 10 0 39.000000 55.000000 0 4.000000 194.000000 0 218.000000 0.000000 0 93.000000 144.000000 0 112.000000 236.000000 0 2.000000 197.000000 0 74.000000 189.000000 0 30.000000 64.000000 0 148.000000 223.000000 0 87.000000 187.000000
00018 10 0 42.000000 51.000000 0 103.000000 139.000000 0 7.000000 191.000000 0 101.000000 172.000000 0 101.000000 171.000000 0 2.000000 79.000000 0 103.000000 168.000000 0 95.000000 142.000000 0 80.000000 167.000000 0 95.000000 185.000000
00019 10 0 38.000000 55.000000 0 39.000000 53.000000 0 98.000000 173.000000 0 3.000000 194.000000 0 3.000000 193.000000 0 90.000000 143.000000 0 100.000000 170.000000 0 71.000000 200.000000 0 101.000000 141.000000 0 2.000000 79.000000
00020 10 0 38.000000 53.000000 0 2.000000 193.000000 0 95.000000 209.000000 0 98.000000 173.000000 0 95.000000 180.000000 0 100.000000 141.000000 0 75.000000 249.000000 0 91.000000 142.000000 0 92.000000 187.000000 0 88.000000 176.000000
00021 10 0 42.000000 53.000000 0 74.000000 224.000000 0 103.000000 174.000000 0 7.000000 194.000000 0 95.000000 143.000000 0 6.000000 79.000000 0 2.000000 84.000000 0 1.000000 84.000000 0 80.000000 175.000000 0 87.000000 151.000000
00022 10 0 42.000000 53.000000 0 96.000000 142.000000 0 8.000000 192.000000 0 102.000000 172.000000 0 120.000000 252.000000 0 120.000000 255.000000 0 6.000000 78.000000 0 5.000000 78.000000 0 76.000000 189.000000 0 80.000000 173.000000
00023 10 0 39.000000 51.000000 0 100.000000 168.000000 0 96.000000 207.000000 0 98.000000 173.000000 0 105.000000 137.000000 0 3.000000 191.000000 0 119.000000 245.000000 0 87.000000 183.000000 0 0.000000 194.000000 0 29.000000 60.000000
00024 10 0 39.000000 55.000000 0 112.000000 236.000000 0 99.000000 176.000000 0 78.000000 171.000000 0 4.000000 194.000000 0 105.000000 141.000000 0 165.000000 72.000000 0 2.000000 80.000000 0 92.000000 145.000000 0 101.000000 140.000000
00025 10 0 39.000000 53.000000 0 2.000000 79.000000 0 91.000000 143.000000 0 3.000000 194.000000 0 98.000000 175.000000 0 71.000000 190.000000 0 96.000000 140.000000 0 75.000000 183.000000 0 96.000000 213.000000 0 95.000000 175.000000
00026 10 0 42.000000 53.000000 0 96.000000 143.000000 0 101.000000 174.000000 0 136.000000 127.000000 0 5.000000 79.000000 0 102.000000 139.000000 0 7.000000 194.000000 0 74.000000 198.000000 0 119.000000 254.000000 0 98.000000 183.000000
00027 10 0 41.000000 55.000000 0 32.000000 63.000000 0 219.000000 0.000000 0 75.000000 188.000000 0 73.000000 201.000000 0 2.000000 83.000000 0 79.000000 175.000000 0 101.000000 175.000000 0 5.000000 79.000000 0 94.000000 144.000000
00028 10 0 42.000000 50.000000 0 104.000000 138.000000 0 32.000000 60.000000 0 5.000000 192.000000 0 79.000000 174.000000 0 115.000000 232.000000 0 94.000000 140.000000 0 111.000000 228.000000 0 101.000000 171.000000 0 89.000000 183.000000
00029 10 0 39.000000 52.000000 0 4.000000 191.000000 0 112.000000 232.000000 0 74.000000 184.000000 0 159.000000 69.000000 0 30.000000 60.000000 0 71.000000 196.000000 0 99.000000 172.000000 0 92.000000 140.000000 0 101.000000 138.000000
00030 10 0 39.000000 51.000000 0 3.000000 191.000000 0 80.000000 255.000000 0 93.000000 183.000000 0 71.000000 200.000000 0 92.000000 140.000000 0 71.000000 218.000000 0 103.000000 136.000000 0 78.000000 168.000000 0 74.000000 183.000000
00031 10 0 42.000000 53.000000 0 95.000000 142.000000 0 7.000000 192.000000 0 102.000000 173.000000 0 75.000000 195.000000 0 74.000000 223.000000 0 32.000000 63.000000 0 96.000000 187.000000 0 103.000000 141.000000 0 103.000000 168.000000
00032 10 0 39.000000 55.000000 0 91.000000 144.000000 0 4.000000 194.000000 0 101.000000 171.000000 0 100.000000 142.000000 0 96.000000 176.000000 0 90.000000 175.000000 0 104.000000 141.000000 0 108.000000 155.000000 0 99.000000 176.000000
00033 10 0 42.000000 53.000000 0 95.000000 185.000000 0 95.000000 142.000000 0 8.000000 192.000000 0 104.000000 138.000000 0 33.000000 62.000000 0 107.000000 138.000000 0 74.000000 199.000000 0 137.000000 126.000000 0 216.000000 90.000000
00034 10 0 41.000000 54.000000 0 44.000000 50.000000 0 7.000000 192.000000 0 94.000000 188.000000 0 104.000000 170.000000 0 101.000000 174.000000 0 76.000000 189.000000 0 32.000000 63.000000 0 103.000000 141.000000 0 106.000000 139.000000
00035 10 0 38.000000 53.000000 0 3.000000 193.000000 0 91.000000 143.000000 0 99.000000 139.000000 0 72.000000 232.000000 0 96.000000 139.000000 0 71.000000 194.000000 0 71.000000 199.000000 0 104.000000 154.000000 0 29.000000 62.000000
00036 10 0 41.000000 52.000000 0 42.000000 52.000000 0 43.000000 48.000000 0 6.000000 191.000000 0 101.000000 138.000000 0 120.000000 252.000000 0 77.000000 184.000000 0 74.000000 195.000000 0 94.000000 186.000000 0 100.000000 171.000000
00037 10 0 42.000000 54.000000 0 103.000000 142.000000 0 79.000000 176.000000 0 5.000000 194.000000 0 94.000000 188.000000 0 6.000000 194.000000 0 5.000000 195.000000 0 94.000000 187.000000 0 101.000000 176.000000 0 92.000000 175.000000
00038 10 0 38.000000 53.000000 0 3.000000 192.000000 0 73.000000 186.000000 0 97.000000 172.000000 0 98.000000 172.000000 0 92.000000 186.000000 0 91.000000 142.000000 0 71.000000 194.000000 0 212.000000 90.000000 0 99.000000 138.000000
00039 10 0 42.000000 50.000000 0 5.000000 191.000000 0 101.000000 171.000000 0 102.000000 171.000000 0 94.000000 141.000000 0 80.000000 168.000000 0 106.000000 136.000000 0 99.000000 178.000000 0 119.000000 252.000000 0 103.000000 139.000000
00040 10 0 39.000000 51.000000 0 3.000000 192.000000 0 90.000000 191.000000 0 89.000000 191.000000 0 73.000000 230.000000 0 72.000000 192.000000 0 72.000000 193.000000 0 3.000000 76.000000 0 92.000000 185.000000 0 99.000000 172.000000
00041 10 0 41.000000 51.000000 0 5.000000 191.000000 0 5.000000 192.000000 0 100.000000 171.000000 0 95.000000 142.000000 0 103.000000 138.000000 0 80.000000 254.000000 0 215.000000 87.000000 0 79.000000 167.000000 0 103.000000 168.000000
00042 10 0 40.000000 54.000000 0 5.000000 195.000000 0 30.000000 64.000000 0 100.000000 175.000000 0 102.000000 143.000000 0 93.000000 146.000000 0 115.000000 255.000000 0 74.000000 191.000000 0 72.000000 200.000000 0 93.000000 191.000000
00043 10 0 42.000000 53.000000 0 87.000000 151.000000 0 4.000000 196.000000 0 88.000000 187.000000 0 95.000000 187.000000 0 100.000000 175.000000 0 79.000000 175.000000 0 75.000000 192.000000 0 136.000000 128.000000 0 80.000000 171.000000
00044 10 0 38.000000 53.000000 0 3.000000 193.000000 0 92.000000 142.000000 0 89.000000 174.000000 0 77.000000 169.000000 0 95.000000 175.000000 0 11.000000 87.000000 0 93.000000 187.000000 0 72.000000 238.000000 0 104.000000 139.000000
00045 10 0 39.000000 51.000000 0 4.000000 191.000000 0 99.000000 172.000000 0 91.000000 140.000000 0 88.000000 192.000000 0 111.000000 150.000000 0 30.000000 60.000000 0 101.000000 138.000000 0 112.000000 232.000000 0 84.000000 191.000000
00046 10 0 42.000000 53.000000 0 7.000000 193.000000 0 102.000000 173.000000 0 96.000000 144.000000 0 101.000000 173.000000 0 77.000000 187.000000 0 5.000000 79.000000 0 216.000000 90.000000 0 103.000000 169.000000 0 104.000000 139.000000
00047 10 0 39.000000 52.000000 0 3.000000 192.000000 0 92.000000 141.000000 0 98.000000 173.000000 0 99.000000 167.000000 0 87.000000 190.000000 0 2.000000 77.000000 0 101.000000 137.000000 0 29.000000 61.000000 0 96.000000 179.000000
00048 10 0 42.000000 50.000000 0 5.000000 191.000000 0 80.000000 168.000000 0 136.000000 124.000000 0 216.000000 88.000000 0 31.000000 60.000000 0 107.000000 137.000000 0 101.000000 171.000000 0 93.000000 140.000000 0 87.000000 199.000000
00049 10 0 40.000000 50.000000 0 38.000000 53.000000 0 40.000000 51.000000 0 71.000000 191.000000 0 112.000000 234.000000 0 98.000000 173.000000 0 28.000000 62.000000 0 3.000000 192.000000 0 92.000000 143.000000 0 2.000000 78.000000
00050 10 0 42.000000 53.000000 0 104.000000 140.000000 0 94.000000 144.000000 0 101.000000 174.000000 0 5.000000 79.000000 0 80.000000 170.000000 0 216.000000 92.000000 0 45.000000 2.000000 0 45.000000 1.000000 0 6.000000 194.000000
