00001 10 0 134.000000 225.000000 0 133.000000 224.000000 0 138.000000 228.000000 0 108.000000 255.000000 0 138.000000 234.000000 0 5.000000 191.000000 0 136.000000 208.000000 0 5.000000 189.000000 0 133.000000 221.000000 0 112.000000 225.000000
00002 10 0 136.000000 228.000000 0 132.000000 224.000000 0 107.000000 255.000000 0 136.000000 234.000000 0 136.000000 207.000000 0 140.000000 212.000000 0 4.000000 190.000000 0 103.000000 237.000000 0 119.000000 252.000000 0 96.000000 244.000000
00003 10 0 140.000000 229.000000 0 135.000000 224.000000 0 111.000000 255.000000 0 140.000000 207.000000 0 72.000000 221.000000 0 139.000000 234.000000 0 8.000000 190.000000 0 100.000000 245.000000 0 175.000000 242.000000 0 125.000000 254.000000
00004 10 0 136.000000 228.000000 0 132.000000 224.000000 0 107.000000 254.000000 0 140.000000 212.000000 0 120.000000 252.000000 0 137.000000 206.000000 0 136.000000 206.000000 0 143.000000 234.000000 0 4.000000 192.000000 0 136.000000 234.000000
00005 10 0 136.000000 227.000000 0 132.000000 223.000000 0 108.000000 252.000000 0 110.000000 228.000000 0 4.000000 189.000000 0 171.000000 240.000000 0 85.000000 231.000000 0 140.000000 211.000000 0 136.000000 233.000000 0 138.000000 207.000000
00006 10 0 135.000000 224.000000 0 141.000000 229.000000 0 112.000000 255.000000 0 7.000000 189.000000 0 141.000000 207.000000 0 175.000000 242.000000 0 140.000000 234.000000 0 143.000000 213.000000 0 144.000000 213.000000 0 119.000000 255.000000
00007 10 0 135.000000 229.000000 0 132.000000 225.000000 0 106.000000 255.000000 0 135.000000 234.000000 0 3.000000 191.000000 0 3.000000 192.000000 0 136.000000 207.000000 0 140.000000 213.000000 0 85.000000 237.000000 0 85.000000 232.000000
00008 10 0 139.000000 231.000000 0 135.000000 227.000000 0 88.000000 239.000000 0 108.000000 255.000000 0 106.000000 239.000000 0 6.000000 193.000000 0 139.000000 236.000000 0 96.000000 232.000000 0 138.000000 209.000000 0 139.000000 209.000000
00009 10 0 132.000000 224.000000 0 136.000000 228.000000 0 107.000000 254.000000 0 140.000000 213.000000 0 171.000000 242.000000 0 136.000000 234.000000 0 3.000000 189.000000 0 110.000000 229.000000 0 97.000000 229.000000 0 4.000000 192.000000
00010 10 0 138.000000 226.000000 0 138.000000 232.000000 0 109.000000 252.000000 0 134.000000 222.000000 0 5.000000 188.000000 0 95.000000 228.000000 0 173.000000 240.000000 0 117.000000 251.000000 0 139.000000 206.000000 0 141.000000 211.000000
00011 10 0 136.000000 224.000000 0 141.000000 228.000000 0 111.000000 253.000000 0 7.000000 190.000000 0 139.000000 233.000000 0 175.000000 241.000000 0 143.000000 212.000000 0 140.000000 207.000000 0 139.000000 207.000000 0 96.000000 228.000000
00012 10 0 135.000000 224.000000 0 138.000000 226.000000 0 138.000000 232.000000 0 108.000000 252.000000 0 137.000000 206.000000 0 136.000000 206.000000 0 173.000000 241.000000 0 95.000000 228.000000 0 141.000000 211.000000 0 5.000000 188.000000
00013 10 0 135.000000 228.000000 0 132.000000 224.000000 0 131.000000 224.000000 0 106.000000 255.000000 0 136.000000 207.000000 0 136.000000 235.000000 0 4.000000 191.000000 0 119.000000 252.000000 0 171.000000 242.000000 0 95.000000 242.000000
00014 10 0 139.000000 227.000000 0 136.000000 224.000000 0 135.000000 223.000000 0 110.000000 253.000000 0 112.000000 229.000000 0 141.000000 207.000000 0 140.000000 207.000000 0 7.000000 187.000000 0 96.000000 229.000000 0 123.000000 251.000000
00015 10 0 136.000000 230.000000 0 136.000000 231.000000 0 133.000000 226.000000 0 87.000000 234.000000 0 7.000000 192.000000 0 108.000000 255.000000 0 136.000000 236.000000 0 137.000000 236.000000 0 111.000000 231.000000 0 141.000000 216.000000
00016 10 0 133.000000 226.000000 0 136.000000 236.000000 0 136.000000 230.000000 0 137.000000 230.000000 0 138.000000 229.000000 0 4.000000 191.000000 0 93.000000 231.000000 0 137.000000 208.000000 0 107.000000 255.000000 0 108.000000 255.000000
00017 10 0 135.000000 223.000000 0 138.000000 226.000000 0 111.000000 253.000000 0 96.000000 229.000000 0 139.000000 205.000000 0 139.000000 232.000000 0 143.000000 210.000000 0 7.000000 190.000000 0 89.000000 235.000000 0 112.000000 229.000000
00018 10 0 135.000000 229.000000 0 132.000000 225.000000 0 107.000000 255.000000 0 3.000000 191.000000 0 136.000000 207.000000 0 136.000000 235.000000 0 143.000000 236.000000 0 110.000000 231.000000 0 84.000000 232.000000 0 92.000000 231.000000
00019 10 0 140.000000 229.000000 0 139.000000 229.000000 0 136.000000 226.000000 0 141.000000 208.000000 0 7.000000 191.000000 0 111.000000 255.000000 0 140.000000 236.000000 0 175.000000 243.000000 0 119.000000 254.000000 0 119.000000 255.000000
00020 10 0 138.000000 227.000000 0 134.000000 223.000000 0 108.000000 253.000000 0 138.000000 232.000000 0 138.000000 206.000000 0 144.000000 233.000000 0 96.000000 227.000000 0 5.000000 187.000000 0 88.000000 231.000000 0 98.000000 242.000000
00021 10 0 136.000000 227.000000 0 132.000000 223.000000 0 108.000000 253.000000 0 136.000000 233.000000 0 4.000000 189.000000 0 136.000000 205.000000 0 87.000000 232.000000 0 140.000000 212.000000 0 112.000000 223.000000 0 96.000000 227.000000
00022 10 0 133.000000 226.000000 0 136.000000 229.000000 0 138.000000 236.000000 0 87.000000 238.000000 0 119.000000 254.000000 0 5.000000 193.000000 0 141.000000 216.000000 0 173.000000 244.000000 0 5.000000 190.000000 0 95.000000 232.000000
00023 10 0 135.000000 223.000000 0 110.000000 253.000000 0 138.000000 226.000000 0 139.000000 227.000000 0 96.000000 229.000000 0 143.000000 208.000000 0 143.000000 211.000000 0 139.000000 206.000000 0 138.000000 232.000000 0 139.000000 205.000000
00024 10 0 138.000000 231.000000 0 134.000000 226.000000 0 138.000000 236.000000 0 95.000000 231.000000 0 138.000000 210.000000 0 139.000000 210.000000 0 109.000000 255.000000 0 98.000000 246.000000 0 6.000000 193.000000 0 98.000000 247.000000
00025 10 0 131.000000 224.000000 0 107.000000 255.000000 0 135.000000 229.000000 0 136.000000 207.000000 0 93.000000 230.000000 0 3.000000 190.000000 0 3.000000 191.000000 0 136.000000 235.000000 0 120.000000 253.000000 0 111.000000 226.000000
00026 10 0 139.000000 229.000000 0 139.000000 230.000000 0 135.000000 226.000000 0 96.000000 231.000000 0 110.000000 255.000000 0 139.000000 236.000000 0 89.000000 234.000000 0 107.000000 239.000000 0 140.000000 209.000000 0 8.000000 192.000000
00027 10 0 135.000000 223.000000 0 138.000000 226.000000 0 138.000000 232.000000 0 138.000000 227.000000 0 110.000000 253.000000 0 6.000000 189.000000 0 114.000000 223.000000 0 174.000000 240.000000 0 143.000000 212.000000 0 100.000000 243.000000
00028 10 0 135.000000 229.000000 0 107.000000 255.000000 0 132.000000 226.000000 0 136.000000 236.000000 0 136.000000 207.000000 0 3.000000 191.000000 0 137.000000 209.000000 0 109.000000 231.000000 0 96.000000 245.000000 0 93.000000 231.000000
00029 10 0 135.000000 226.000000 0 138.000000 230.000000 0 143.000000 216.000000 0 88.000000 238.000000 0 111.000000 255.000000 0 96.000000 232.000000 0 6.000000 192.000000 0 99.000000 231.000000 0 87.000000 233.000000 0 139.000000 209.000000
00030 10 0 132.000000 224.000000 0 136.000000 228.000000 0 135.000000 207.000000 0 107.000000 253.000000 0 107.000000 254.000000 0 3.000000 189.000000 0 120.000000 252.000000 0 93.000000 231.000000 0 135.000000 233.000000 0 93.000000 229.000000
00031 10 0 133.000000 223.000000 0 138.000000 227.000000 0 108.000000 252.000000 0 137.000000 232.000000 0 137.000000 205.000000 0 138.000000 205.000000 0 141.000000 211.000000 0 87.000000 230.000000 0 86.000000 230.000000 0 173.000000 240.000000
00032 10 0 135.000000 223.000000 0 139.000000 227.000000 0 111.000000 253.000000 0 110.000000 253.000000 0 7.000000 189.000000 0 140.000000 233.000000 0 138.000000 205.000000 0 143.000000 212.000000 0 119.000000 252.000000 0 88.000000 231.000000
00033 10 0 133.000000 227.000000 0 138.000000 231.000000 0 137.000000 236.000000 0 108.000000 255.000000 0 136.000000 209.000000 0 4.000000 191.000000 0 140.000000 215.000000 0 87.000000 233.000000 0 87.000000 238.000000 0 111.000000 232.000000
00034 10 0 135.000000 223.000000 0 138.000000 226.000000 0 138.000000 232.000000 0 109.000000 252.000000 0 138.000000 205.000000 0 5.000000 188.000000 0 173.000000 240.000000 0 114.000000 223.000000 0 95.000000 228.000000 0 112.000000 247.000000
00035 10 0 136.000000 224.000000 0 141.000000 228.000000 0 138.000000 227.000000 0 110.000000 253.000000 0 110.000000 254.000000 0 141.000000 207.000000 0 90.000000 232.000000 0 140.000000 234.000000 0 100.000000 242.000000 0 143.000000 212.000000
00036 10 0 138.000000 231.000000 0 134.000000 227.000000 0 135.000000 227.000000 0 138.000000 236.000000 0 119.000000 254.000000 0 8.000000 192.000000 0 138.000000 209.000000 0 138.000000 208.000000 0 5.000000 193.000000 0 173.000000 244.000000
00037 10 0 136.000000 229.000000 0 132.000000 224.000000 0 135.000000 208.000000 0 136.000000 234.000000 0 107.000000 254.000000 0 3.000000 190.000000 0 3.000000 191.000000 0 96.000000 245.000000 0 139.000000 213.000000 0 120.000000 253.000000
00038 10 0 138.000000 226.000000 0 135.000000 223.000000 0 138.000000 232.000000 0 109.000000 252.000000 0 142.000000 211.000000 0 139.000000 206.000000 0 95.000000 228.000000 0 103.000000 239.000000 0 143.000000 208.000000 0 120.000000 250.000000
00039 10 0 133.000000 226.000000 0 137.000000 230.000000 0 136.000000 230.000000 0 137.000000 236.000000 0 141.000000 216.000000 0 4.000000 192.000000 0 68.000000 215.000000 0 87.000000 234.000000 0 119.000000 254.000000 0 111.000000 227.000000
00040 10 0 140.000000 228.000000 0 140.000000 227.000000 0 139.000000 227.000000 0 141.000000 228.000000 0 135.000000 223.000000 0 7.000000 189.000000 0 110.000000 254.000000 0 141.000000 207.000000 0 139.000000 233.000000 0 112.000000 228.000000
00041 10 0 139.000000 227.000000 0 135.000000 223.000000 0 112.000000 254.000000 0 7.000000 189.000000 0 140.000000 234.000000 0 143.000000 213.000000 0 140.000000 206.000000 0 175.000000 242.000000 0 72.000000 220.000000 0 119.000000 252.000000
00042 10 0 139.000000 231.000000 0 135.000000 226.000000 0 6.000000 193.000000 0 140.000000 210.000000 0 123.000000 255.000000 0 139.000000 236.000000 0 141.000000 215.000000 0 119.000000 254.000000 0 96.000000 232.000000 0 110.000000 255.000000
00043 10 0 136.000000 226.000000 0 136.000000 227.000000 0 133.000000 223.000000 0 108.000000 253.000000 0 136.000000 232.000000 0 136.000000 205.000000 0 87.000000 231.000000 0 140.000000 211.000000 0 93.000000 229.000000 0 4.000000 188.000000
00044 10 0 133.000000 224.000000 0 138.000000 228.000000 0 136.000000 233.000000 0 107.000000 253.000000 0 108.000000 253.000000 0 4.000000 189.000000 0 140.000000 212.000000 0 93.000000 228.000000 0 136.000000 205.000000 0 80.000000 229.000000
00045 10 0 138.000000 226.000000 0 134.000000 223.000000 0 108.000000 252.000000 0 109.000000 253.000000 0 138.000000 232.000000 0 139.000000 206.000000 0 111.000000 228.000000 0 141.000000 211.000000 0 7.000000 189.000000 0 88.000000 231.000000
00046 10 0 136.000000 224.000000 0 139.000000 227.000000 0 110.000000 253.000000 0 7.000000 188.000000 0 112.000000 228.000000 0 143.000000 208.000000 0 96.000000 231.000000 0 143.000000 212.000000 0 119.000000 251.000000 0 114.000000 224.000000
00047 10 0 136.000000 227.000000 0 133.000000 224.000000 0 108.000000 253.000000 0 107.000000 253.000000 0 4.000000 189.000000 0 136.000000 233.000000 0 135.000000 207.000000 0 140.000000 212.000000 0 96.000000 227.000000 0 116.000000 252.000000
00048 10 0 133.000000 223.000000 0 136.000000 227.000000 0 108.000000 252.000000 0 108.000000 253.000000 0 107.000000 252.000000 0 136.000000 205.000000 0 137.000000 232.000000 0 4.000000 189.000000 0 96.000000 240.000000 0 140.000000 211.000000
00049 10 0 135.000000 223.000000 0 139.000000 227.000000 0 109.000000 253.000000 0 138.000000 232.000000 0 138.000000 206.000000 0 7.000000 189.000000 0 112.000000 228.000000 0 142.000000 211.000000 0 87.000000 234.000000 0 95.000000 228.000000
00050 10 0 139.000000 231.000000 0 135.000000 226.000000 0 96.000000 231.000000 0 139.000000 236.000000 0 111.000000 255.000000 0 143.000000 215.000000 0 112.000000 232.000000 0 6.000000 193.000000 0 100.000000 246.000000 0 139.000000 209.000000
