00001 10 0 8.000000 200.000000 0 75.000000 181.000000 0 74.000000 181.000000 0 0.000000 207.000000 0 196.000000 154.000000 0 179.000000 165.000000 0 28.000000 195.000000 0 96.000000 176.000000 0 166.000000 166.000000 0 165.000000 166.000000
00002 10 0 72.000000 183.000000 0 71.000000 181.000000 0 194.000000 156.000000 0 52.000000 31.000000 0 16.000000 30.000000 0 165.000000 167.000000 0 40.000000 247.000000 0 39.000000 228.000000 0 7.000000 202.000000 0 40.000000 246.000000
00003 10 0 167.000000 167.000000 0 72.000000 181.000000 0 55.000000 31.000000 0 75.000000 183.000000 0 196.000000 156.000000 0 197.000000 156.000000 0 44.000000 246.000000 0 44.000000 247.000000 0 200.000000 154.000000 0 29.000000 197.000000
00004 10 0 71.000000 181.000000 0 194.000000 154.000000 0 40.000000 243.000000 0 7.000000 199.000000 0 48.000000 184.000000 0 52.000000 28.000000 0 15.000000 29.000000 0 51.000000 31.000000 0 43.000000 248.000000 0 163.000000 166.000000
00005 10 0 194.000000 155.000000 0 68.000000 181.000000 0 15.000000 30.000000 0 70.000000 181.000000 0 69.000000 181.000000 0 164.000000 167.000000 0 72.000000 182.000000 0 71.000000 182.000000 0 41.000000 246.000000 0 60.000000 240.000000
00006 10 0 69.000000 181.000000 0 71.000000 181.000000 0 70.000000 181.000000 0 163.000000 167.000000 0 164.000000 167.000000 0 194.000000 155.000000 0 96.000000 176.000000 0 27.000000 196.000000 0 26.000000 196.000000 0 42.000000 244.000000
00007 10 0 194.000000 155.000000 0 164.000000 167.000000 0 72.000000 182.000000 0 68.000000 181.000000 0 63.000000 181.000000 0 27.000000 196.000000 0 175.000000 166.000000 0 178.000000 166.000000 0 47.000000 186.000000 0 39.000000 227.000000
00008 10 0 71.000000 180.000000 0 195.000000 152.000000 0 192.000000 154.000000 0 7.000000 199.000000 0 164.000000 165.000000 0 27.000000 194.000000 0 16.000000 28.000000 0 40.000000 243.000000 0 21.000000 28.000000 0 42.000000 247.000000
00009 10 0 75.000000 183.000000 0 167.000000 167.000000 0 196.000000 156.000000 0 71.000000 181.000000 0 16.000000 30.000000 0 17.000000 30.000000 0 28.000000 197.000000 0 64.000000 239.000000 0 20.000000 30.000000 0 29.000000 197.000000
00010 10 0 71.000000 179.000000 0 72.000000 179.000000 0 71.000000 178.000000 0 195.000000 152.000000 0 87.000000 178.000000 0 7.000000 199.000000 0 16.000000 27.000000 0 179.000000 163.000000 0 165.000000 164.000000 0 164.000000 164.000000
00011 10 0 69.000000 181.000000 0 194.000000 155.000000 0 72.000000 182.000000 0 164.000000 167.000000 0 16.000000 30.000000 0 41.000000 246.000000 0 40.000000 247.000000 0 41.000000 247.000000 0 175.000000 166.000000 0 27.000000 196.000000
00012 10 0 88.000000 178.000000 0 72.000000 178.000000 0 167.000000 164.000000 0 199.000000 151.000000 0 197.000000 152.000000 0 63.000000 237.000000 0 40.000000 225.000000 0 59.000000 231.000000 0 48.000000 183.000000 0 43.000000 242.000000
00013 10 0 71.000000 182.000000 0 192.000000 157.000000 0 199.000000 152.000000 0 196.000000 154.000000 0 165.000000 167.000000 0 42.000000 247.000000 0 42.000000 246.000000 0 42.000000 245.000000 0 39.000000 228.000000 0 175.000000 166.000000
00014 10 0 71.000000 180.000000 0 193.000000 154.000000 0 27.000000 194.000000 0 164.000000 165.000000 0 163.000000 165.000000 0 40.000000 243.000000 0 178.000000 164.000000 0 177.000000 164.000000 0 176.000000 164.000000 0 42.000000 247.000000
00015 10 0 72.000000 178.000000 0 167.000000 164.000000 0 166.000000 164.000000 0 88.000000 178.000000 0 196.000000 152.000000 0 199.000000 151.000000 0 29.000000 193.000000 0 40.000000 224.000000 0 8.000000 199.000000 0 79.000000 23.000000
00016 10 0 72.000000 178.000000 0 71.000000 178.000000 0 75.000000 179.000000 0 197.000000 152.000000 0 88.000000 178.000000 0 167.000000 164.000000 0 44.000000 243.000000 0 55.000000 29.000000 0 15.000000 28.000000 0 18.000000 27.000000
00017 10 0 71.000000 179.000000 0 71.000000 178.000000 0 195.000000 152.000000 0 192.000000 154.000000 0 7.000000 199.000000 0 42.000000 242.000000 0 42.000000 243.000000 0 163.000000 165.000000 0 16.000000 27.000000 0 39.000000 226.000000
00018 10 0 74.000000 180.000000 0 75.000000 180.000000 0 197.000000 154.000000 0 167.000000 165.000000 0 71.000000 179.000000 0 19.000000 28.000000 0 18.000000 28.000000 0 200.000000 152.000000 0 44.000000 243.000000 0 44.000000 244.000000
00019 10 0 76.000000 183.000000 0 75.000000 183.000000 0 167.000000 167.000000 0 197.000000 156.000000 0 55.000000 31.000000 0 18.000000 30.000000 0 44.000000 247.000000 0 44.000000 246.000000 0 8.000000 202.000000 0 64.000000 232.000000
00020 10 0 195.000000 152.000000 0 71.000000 178.000000 0 7.000000 199.000000 0 179.000000 163.000000 0 16.000000 27.000000 0 167.000000 163.000000 0 28.000000 193.000000 0 7.000000 27.000000 0 164.000000 164.000000 0 53.000000 29.000000
00021 10 0 71.000000 181.000000 0 70.000000 181.000000 0 193.000000 155.000000 0 163.000000 167.000000 0 42.000000 248.000000 0 42.000000 243.000000 0 39.000000 227.000000 0 60.000000 239.000000 0 15.000000 30.000000 0 64.000000 180.000000
00022 10 0 195.000000 152.000000 0 71.000000 178.000000 0 165.000000 164.000000 0 72.000000 178.000000 0 87.000000 178.000000 0 7.000000 199.000000 0 151.000000 162.000000 0 179.000000 163.000000 0 28.000000 193.000000 0 53.000000 28.000000
00023 10 0 167.000000 167.000000 0 75.000000 182.000000 0 72.000000 181.000000 0 197.000000 155.000000 0 31.000000 196.000000 0 55.000000 31.000000 0 1.000000 208.000000 0 64.000000 239.000000 0 8.000000 30.000000 0 18.000000 30.000000
00024 10 0 71.000000 180.000000 0 164.000000 165.000000 0 192.000000 154.000000 0 27.000000 194.000000 0 5.000000 200.000000 0 42.000000 242.000000 0 175.000000 164.000000 0 41.000000 243.000000 0 41.000000 242.000000 0 42.000000 243.000000
00025 10 0 72.000000 178.000000 0 75.000000 179.000000 0 167.000000 164.000000 0 88.000000 178.000000 0 196.000000 152.000000 0 18.000000 27.000000 0 17.000000 27.000000 0 199.000000 151.000000 0 29.000000 193.000000 0 44.000000 246.000000
00026 10 0 195.000000 152.000000 0 194.000000 152.000000 0 71.000000 179.000000 0 7.000000 199.000000 0 164.000000 164.000000 0 179.000000 163.000000 0 178.000000 163.000000 0 16.000000 27.000000 0 47.000000 183.000000 0 53.000000 27.000000
00027 10 0 71.000000 179.000000 0 195.000000 152.000000 0 165.000000 164.000000 0 163.000000 165.000000 0 164.000000 165.000000 0 7.000000 199.000000 0 164.000000 164.000000 0 42.000000 243.000000 0 255.000000 176.000000 0 39.000000 224.000000
00028 10 0 70.000000 181.000000 0 71.000000 181.000000 0 163.000000 167.000000 0 42.000000 244.000000 0 41.000000 244.000000 0 42.000000 248.000000 0 39.000000 228.000000 0 193.000000 155.000000 0 192.000000 156.000000 0 194.000000 155.000000
00029 10 0 167.000000 167.000000 0 76.000000 182.000000 0 75.000000 182.000000 0 196.000000 156.000000 0 100.000000 176.000000 0 15.000000 30.000000 0 180.000000 166.000000 0 179.000000 166.000000 0 32.000000 196.000000 0 45.000000 246.000000
00030 10 0 73.000000 183.000000 0 72.000000 183.000000 0 71.000000 182.000000 0 167.000000 167.000000 0 7.000000 202.000000 0 194.000000 156.000000 0 42.000000 247.000000 0 163.000000 168.000000 0 15.000000 31.000000 0 53.000000 31.000000
00031 10 0 71.000000 179.000000 0 7.000000 199.000000 0 195.000000 152.000000 0 164.000000 164.000000 0 87.000000 178.000000 0 40.000000 224.000000 0 64.000000 178.000000 0 53.000000 28.000000 0 42.000000 242.000000 0 42.000000 244.000000
00032 10 0 71.000000 180.000000 0 193.000000 154.000000 0 164.000000 165.000000 0 40.000000 243.000000 0 68.000000 179.000000 0 7.000000 199.000000 0 177.000000 164.000000 0 27.000000 194.000000 0 16.000000 28.000000 0 56.000000 232.000000
00033 10 0 195.000000 152.000000 0 71.000000 178.000000 0 72.000000 178.000000 0 165.000000 164.000000 0 166.000000 164.000000 0 167.000000 164.000000 0 178.000000 163.000000 0 7.000000 199.000000 0 87.000000 32.000000 0 151.000000 162.000000
00034 10 0 72.000000 181.000000 0 73.000000 181.000000 0 196.000000 156.000000 0 167.000000 167.000000 0 76.000000 183.000000 0 79.000000 27.000000 0 79.000000 26.000000 0 55.000000 31.000000 0 18.000000 30.000000 0 19.000000 30.000000
00035 10 0 197.000000 154.000000 0 73.000000 179.000000 0 168.000000 165.000000 0 181.000000 164.000000 0 10.000000 199.000000 0 32.000000 194.000000 0 30.000000 194.000000 0 43.000000 226.000000 0 88.000000 179.000000 0 45.000000 245.000000
00036 10 0 194.000000 156.000000 0 195.000000 156.000000 0 71.000000 182.000000 0 72.000000 183.000000 0 163.000000 168.000000 0 42.000000 247.000000 0 27.000000 197.000000 0 167.000000 167.000000 0 0.000000 208.000000 0 88.000000 181.000000
00037 10 0 167.000000 167.000000 0 76.000000 181.000000 0 75.000000 181.000000 0 197.000000 155.000000 0 200.000000 152.000000 0 44.000000 244.000000 0 45.000000 244.000000 0 19.000000 29.000000 0 55.000000 31.000000 0 31.000000 195.000000
00038 10 0 192.000000 156.000000 0 194.000000 155.000000 0 72.000000 182.000000 0 164.000000 167.000000 0 96.000000 176.000000 0 163.000000 167.000000 0 27.000000 196.000000 0 39.000000 227.000000 0 69.000000 181.000000 0 15.000000 30.000000
00039 10 0 197.000000 155.000000 0 75.000000 182.000000 0 167.000000 167.000000 0 18.000000 30.000000 0 72.000000 181.000000 0 44.000000 247.000000 0 45.000000 247.000000 0 44.000000 246.000000 0 45.000000 246.000000 0 31.000000 196.000000
00040 10 0 76.000000 181.000000 0 75.000000 181.000000 0 200.000000 152.000000 0 167.000000 166.000000 0 197.000000 155.000000 0 10.000000 200.000000 0 31.000000 195.000000 0 2.000000 207.000000 0 19.000000 29.000000 0 18.000000 29.000000
00041 10 0 75.000000 180.000000 0 48.000000 184.000000 0 196.000000 154.000000 0 167.000000 165.000000 0 44.000000 244.000000 0 44.000000 243.000000 0 88.000000 178.000000 0 18.000000 28.000000 0 69.000000 178.000000 0 31.000000 194.000000
00042 10 0 195.000000 152.000000 0 71.000000 178.000000 0 165.000000 164.000000 0 179.000000 163.000000 0 87.000000 178.000000 0 7.000000 199.000000 0 16.000000 27.000000 0 7.000000 27.000000 0 82.000000 180.000000 0 83.000000 180.000000
00043 10 0 167.000000 167.000000 0 75.000000 181.000000 0 74.000000 181.000000 0 44.000000 244.000000 0 197.000000 155.000000 0 196.000000 156.000000 0 18.000000 30.000000 0 200.000000 152.000000 0 2.000000 207.000000 0 18.000000 29.000000
00044 10 0 72.000000 183.000000 0 167.000000 167.000000 0 164.000000 168.000000 0 195.000000 156.000000 0 28.000000 197.000000 0 88.000000 181.000000 0 179.000000 167.000000 0 178.000000 167.000000 0 39.000000 224.000000 0 199.000000 154.000000
00045 10 0 73.000000 179.000000 0 71.000000 178.000000 0 72.000000 179.000000 0 195.000000 152.000000 0 7.000000 199.000000 0 87.000000 178.000000 0 167.000000 163.000000 0 165.000000 164.000000 0 179.000000 163.000000 0 53.000000 28.000000
00046 10 0 72.000000 183.000000 0 7.000000 202.000000 0 163.000000 168.000000 0 194.000000 156.000000 0 166.000000 167.000000 0 0.000000 208.000000 0 39.000000 229.000000 0 255.000000 176.000000 0 200.000000 152.000000 0 42.000000 246.000000
00047 10 0 69.000000 179.000000 0 72.000000 180.000000 0 164.000000 165.000000 0 71.000000 180.000000 0 7.000000 199.000000 0 192.000000 154.000000 0 87.000000 178.000000 0 195.000000 152.000000 0 27.000000 194.000000 0 178.000000 164.000000
00048 10 0 195.000000 157.000000 0 75.000000 183.000000 0 168.000000 167.000000 0 169.000000 167.000000 0 63.000000 183.000000 0 200.000000 154.000000 0 29.000000 197.000000 0 180.000000 167.000000 0 179.000000 167.000000 0 68.000000 181.000000
00049 10 0 71.000000 181.000000 0 72.000000 181.000000 0 69.000000 180.000000 0 70.000000 181.000000 0 163.000000 167.000000 0 193.000000 155.000000 0 16.000000 29.000000 0 40.000000 244.000000 0 167.000000 165.000000 0 39.000000 248.000000
00050 10 0 73.000000 179.000000 0 168.000000 165.000000 0 168.000000 164.000000 0 44.000000 243.000000 0 198.000000 152.000000 0 40.000000 224.000000 0 41.000000 224.000000 0 55.000000 29.000000 0 40.000000 221.000000 0 31.000000 194.000000
