00001 10 0 199.000000 15.000000 0 203.000000 13.000000 0 202.000000 13.000000 0 181.000000 16.000000 0 181.000000 21.000000 0 181.000000 18.000000 0 185.000000 19.000000 0 181.000000 17.000000 0 181.000000 19.000000 0 181.000000 22.000000
00002 10 0 206.000000 60.000000 0 207.000000 60.000000 0 183.000000 24.000000 0 196.000000 15.000000 0 197.000000 15.000000 0 201.000000 15.000000 0 202.000000 14.000000 0 202.000000 15.000000 0 180.000000 15.000000 0 201.000000 63.000000
00003 10 0 199.000000 15.000000 0 183.000000 16.000000 0 207.000000 104.000000 0 195.000000 41.000000 0 195.000000 40.000000 0 194.000000 40.000000 0 198.000000 68.000000 0 199.000000 68.000000 0 198.000000 67.000000 0 197.000000 67.000000
00004 10 0 185.000000 19.000000 0 184.000000 20.000000 0 184.000000 19.000000 0 193.000000 40.000000 0 195.000000 40.000000 0 194.000000 40.000000 0 174.000000 36.000000 0 173.000000 36.000000 0 183.000000 32.000000 0 199.000000 72.000000
00005 10 0 199.000000 15.000000 0 199.000000 32.000000 0 195.000000 39.000000 0 196.000000 39.000000 0 195.000000 38.000000 0 183.000000 22.000000 0 183.000000 21.000000 0 183.000000 16.000000 0 183.000000 15.000000 0 185.000000 19.000000
00006 10 0 200.000000 76.000000 0 196.000000 15.000000 0 172.000000 40.000000 0 197.000000 15.000000 0 200.000000 75.000000 0 171.000000 40.000000 0 185.000000 20.000000 0 184.000000 19.000000 0 195.000000 48.000000 0 184.000000 20.000000
00007 10 0 199.000000 71.000000 0 195.000000 39.000000 0 184.000000 19.000000 0 199.000000 15.000000 0 196.000000 39.000000 0 183.000000 23.000000 0 183.000000 16.000000 0 183.000000 22.000000 0 200.000000 64.000000 0 200.000000 65.000000
00008 10 0 199.000000 15.000000 0 198.000000 15.000000 0 182.000000 16.000000 0 198.000000 64.000000 0 199.000000 64.000000 0 199.000000 23.000000 0 183.000000 24.000000 0 198.000000 39.000000 0 196.000000 40.000000 0 200.000000 79.000000
00009 10 0 199.000000 14.000000 0 172.000000 32.000000 0 199.000000 32.000000 0 194.000000 39.000000 0 199.000000 33.000000 0 193.000000 39.000000 0 192.000000 39.000000 0 199.000000 31.000000 0 199.000000 72.000000 0 199.000000 73.000000
00010 10 0 199.000000 15.000000 0 199.000000 71.000000 0 199.000000 72.000000 0 193.000000 39.000000 0 196.000000 67.000000 0 197.000000 67.000000 0 192.000000 39.000000 0 207.000000 63.000000 0 197.000000 41.000000 0 183.000000 21.000000
00011 10 0 183.000000 20.000000 0 183.000000 19.000000 0 199.000000 15.000000 0 190.000000 23.000000 0 191.000000 40.000000 0 189.000000 23.000000 0 191.000000 23.000000 0 195.000000 20.000000 0 202.000000 15.000000 0 203.000000 15.000000
00012 10 0 191.000000 20.000000 0 199.000000 63.000000 0 198.000000 63.000000 0 196.000000 15.000000 0 197.000000 63.000000 0 197.000000 64.000000 0 197.000000 15.000000 0 184.000000 16.000000 0 172.000000 36.000000 0 181.000000 23.000000
00013 10 0 199.000000 72.000000 0 193.000000 39.000000 0 184.000000 19.000000 0 192.000000 39.000000 0 180.000000 19.000000 0 181.000000 19.000000 0 181.000000 17.000000 0 180.000000 17.000000 0 203.000000 63.000000 0 181.000000 16.000000
00014 10 0 182.000000 24.000000 0 183.000000 24.000000 0 191.000000 40.000000 0 196.000000 40.000000 0 195.000000 40.000000 0 199.000000 79.000000 0 199.000000 31.000000 0 198.000000 70.000000 0 199.000000 70.000000 0 199.000000 30.000000
00015 10 0 192.000000 39.000000 0 193.000000 39.000000 0 201.000000 64.000000 0 200.000000 64.000000 0 181.000000 15.000000 0 203.000000 14.000000 0 200.000000 65.000000 0 199.000000 15.000000 0 202.000000 14.000000 0 183.000000 15.000000
00016 10 0 198.000000 39.000000 0 203.000000 14.000000 0 202.000000 14.000000 0 195.000000 40.000000 0 196.000000 40.000000 0 185.000000 19.000000 0 184.000000 19.000000 0 199.000000 38.000000 0 199.000000 57.000000 0 199.000000 56.000000
00017 10 0 207.000000 63.000000 0 199.000000 15.000000 0 175.000000 40.000000 0 200.000000 63.000000 0 198.000000 18.000000 0 197.000000 18.000000 0 196.000000 18.000000 0 181.000000 20.000000 0 181.000000 19.000000 0 202.000000 15.000000
00018 10 0 208.000000 56.000000 0 199.000000 67.000000 0 200.000000 72.000000 0 203.000000 13.000000 0 199.000000 15.000000 0 199.000000 24.000000 0 202.000000 13.000000 0 183.000000 15.000000 0 175.000000 40.000000 0 196.000000 45.000000
00019 10 0 199.000000 15.000000 0 184.000000 21.000000 0 207.000000 62.000000 0 206.000000 63.000000 0 194.000000 40.000000 0 200.000000 64.000000 0 200.000000 65.000000 0 201.000000 64.000000 0 207.000000 63.000000 0 203.000000 13.000000
00020 10 0 195.000000 19.000000 0 194.000000 19.000000 0 199.000000 18.000000 0 199.000000 17.000000 0 185.000000 20.000000 0 201.000000 63.000000 0 200.000000 63.000000 0 184.000000 20.000000 0 186.000000 20.000000 0 182.000000 24.000000
00021 10 0 199.000000 15.000000 0 203.000000 15.000000 0 196.000000 20.000000 0 188.000000 20.000000 0 187.000000 20.000000 0 202.000000 15.000000 0 175.000000 40.000000 0 180.000000 18.000000 0 181.000000 23.000000 0 194.000000 56.000000
00022 10 0 184.000000 19.000000 0 199.000000 55.000000 0 198.000000 55.000000 0 175.000000 40.000000 0 198.000000 54.000000 0 197.000000 55.000000 0 196.000000 55.000000 0 197.000000 54.000000 0 195.000000 20.000000 0 199.000000 24.000000
00023 10 0 199.000000 13.000000 0 199.000000 63.000000 0 180.000000 15.000000 0 198.000000 22.000000 0 198.000000 17.000000 0 199.000000 20.000000 0 199.000000 19.000000 0 199.000000 17.000000 0 199.000000 18.000000 0 175.000000 39.000000
00024 10 0 191.000000 40.000000 0 184.000000 18.000000 0 184.000000 19.000000 0 198.000000 70.000000 0 199.000000 70.000000 0 199.000000 71.000000 0 198.000000 71.000000 0 199.000000 15.000000 0 197.000000 20.000000 0 196.000000 20.000000
00025 10 0 194.000000 40.000000 0 195.000000 41.000000 0 199.000000 16.000000 0 195.000000 40.000000 0 199.000000 23.000000 0 199.000000 71.000000 0 199.000000 64.000000 0 183.000000 22.000000 0 183.000000 21.000000 0 198.000000 39.000000
00026 10 0 199.000000 16.000000 0 198.000000 16.000000 0 181.000000 23.000000 0 192.000000 39.000000 0 193.000000 39.000000 0 184.000000 31.000000 0 197.000000 40.000000 0 196.000000 56.000000 0 198.000000 41.000000 0 196.000000 40.000000
00027 10 0 183.000000 20.000000 0 183.000000 19.000000 0 191.000000 41.000000 0 199.000000 39.000000 0 199.000000 15.000000 0 191.000000 40.000000 0 198.000000 39.000000 0 195.000000 40.000000 0 196.000000 40.000000 0 179.000000 20.000000
00028 10 0 199.000000 15.000000 0 206.000000 64.000000 0 185.000000 20.000000 0 184.000000 20.000000 0 207.000000 64.000000 0 194.000000 39.000000 0 193.000000 39.000000 0 192.000000 39.000000 0 199.000000 32.000000 0 199.000000 33.000000
00029 10 0 191.000000 40.000000 0 199.000000 16.000000 0 198.000000 16.000000 0 200.000000 19.000000 0 200.000000 21.000000 0 200.000000 20.000000 0 200.000000 23.000000 0 200.000000 22.000000 0 175.000000 40.000000 0 181.000000 19.000000
00030 10 0 183.000000 17.000000 0 194.000000 20.000000 0 193.000000 20.000000 0 192.000000 20.000000 0 195.000000 40.000000 0 196.000000 40.000000 0 183.000000 22.000000 0 183.000000 23.000000 0 183.000000 19.000000 0 183.000000 21.000000
00031 10 0 199.000000 15.000000 0 200.000000 14.000000 0 184.000000 22.000000 0 184.000000 21.000000 0 172.000000 39.000000 0 171.000000 39.000000 0 185.000000 21.000000 0 199.000000 36.000000 0 186.000000 21.000000 0 211.000000 64.000000
00032 10 0 193.000000 39.000000 0 192.000000 39.000000 0 196.000000 40.000000 0 198.000000 18.000000 0 199.000000 19.000000 0 198.000000 17.000000 0 199.000000 21.000000 0 198.000000 19.000000 0 199.000000 22.000000 0 198.000000 22.000000
00033 10 0 181.000000 17.000000 0 199.000000 15.000000 0 182.000000 17.000000 0 181.000000 16.000000 0 182.000000 16.000000 0 181.000000 18.000000 0 196.000000 39.000000 0 171.000000 39.000000 0 199.000000 19.000000 0 172.000000 39.000000
00034 10 0 184.000000 16.000000 0 199.000000 68.000000 0 198.000000 68.000000 0 197.000000 17.000000 0 197.000000 16.000000 0 196.000000 39.000000 0 196.000000 16.000000 0 196.000000 17.000000 0 199.000000 84.000000 0 199.000000 83.000000
00035 10 0 196.000000 20.000000 0 199.000000 15.000000 0 191.000000 20.000000 0 191.000000 19.000000 0 190.000000 19.000000 0 196.000000 40.000000 0 195.000000 40.000000 0 199.000000 39.000000 0 173.000000 40.000000 0 199.000000 72.000000
00036 10 0 180.000000 15.000000 0 196.000000 15.000000 0 197.000000 15.000000 0 202.000000 14.000000 0 202.000000 15.000000 0 203.000000 15.000000 0 203.000000 14.000000 0 181.000000 20.000000 0 181.000000 23.000000 0 181.000000 19.000000
00037 10 0 180.000000 23.000000 0 197.000000 68.000000 0 197.000000 69.000000 0 199.000000 67.000000 0 196.000000 69.000000 0 199.000000 66.000000 0 197.000000 67.000000 0 198.000000 67.000000 0 196.000000 68.000000 0 184.000000 18.000000
00038 10 0 191.000000 23.000000 0 197.000000 19.000000 0 196.000000 18.000000 0 196.000000 19.000000 0 196.000000 39.000000 0 201.000000 64.000000 0 200.000000 64.000000 0 200.000000 65.000000 0 196.000000 40.000000 0 195.000000 40.000000
00039 10 0 200.000000 65.000000 0 195.000000 23.000000 0 199.000000 67.000000 0 201.000000 64.000000 0 200.000000 64.000000 0 196.000000 39.000000 0 199.000000 68.000000 0 196.000000 23.000000 0 198.000000 68.000000 0 198.000000 67.000000
00040 10 0 199.000000 15.000000 0 199.000000 72.000000 0 196.000000 39.000000 0 184.000000 19.000000 0 196.000000 20.000000 0 191.000000 40.000000 0 172.000000 40.000000 0 181.000000 23.000000 0 181.000000 16.000000 0 181.000000 21.000000
00041 10 0 186.000000 21.000000 0 185.000000 21.000000 0 184.000000 21.000000 0 184.000000 22.000000 0 199.000000 86.000000 0 199.000000 87.000000 0 199.000000 16.000000 0 181.000000 19.000000 0 196.000000 16.000000 0 181.000000 20.000000
00042 10 0 184.000000 19.000000 0 199.000000 24.000000 0 199.000000 13.000000 0 199.000000 14.000000 0 181.000000 19.000000 0 181.000000 20.000000 0 198.000000 63.000000 0 197.000000 63.000000 0 196.000000 67.000000 0 181.000000 21.000000
00043 10 0 199.000000 15.000000 0 198.000000 15.000000 0 196.000000 64.000000 0 192.000000 39.000000 0 200.000000 63.000000 0 207.000000 63.000000 0 183.000000 25.000000 0 180.000000 15.000000 0 183.000000 24.000000 0 199.000000 32.000000
00044 10 0 196.000000 15.000000 0 193.000000 39.000000 0 192.000000 39.000000 0 171.000000 36.000000 0 175.000000 35.000000 0 198.000000 64.000000 0 216.000000 64.000000 0 182.000000 15.000000 0 179.000000 30.000000 0 183.000000 31.000000
00045 10 0 191.000000 40.000000 0 191.000000 41.000000 0 199.000000 13.000000 0 199.000000 72.000000 0 181.000000 16.000000 0 181.000000 22.000000 0 199.000000 64.000000 0 198.000000 64.000000 0 181.000000 23.000000 0 216.000000 56.000000
00046 10 0 184.000000 19.000000 0 215.000000 55.000000 0 199.000000 15.000000 0 199.000000 14.000000 0 181.000000 18.000000 0 184.000000 27.000000 0 184.000000 28.000000 0 181.000000 17.000000 0 181.000000 20.000000 0 181.000000 19.000000
00047 10 0 200.000000 63.000000 0 192.000000 39.000000 0 171.000000 37.000000 0 171.000000 36.000000 0 198.000000 67.000000 0 193.000000 39.000000 0 199.000000 67.000000 0 197.000000 67.000000 0 181.000000 18.000000 0 181.000000 21.000000
00048 10 0 191.000000 40.000000 0 199.000000 72.000000 0 199.000000 73.000000 0 199.000000 40.000000 0 184.000000 20.000000 0 185.000000 20.000000 0 181.000000 17.000000 0 181.000000 16.000000 0 198.000000 19.000000 0 197.000000 18.000000
00049 10 0 200.000000 61.000000 0 199.000000 14.000000 0 199.000000 13.000000 0 181.000000 15.000000 0 184.000000 19.000000 0 207.000000 58.000000 0 180.000000 15.000000 0 181.000000 18.000000 0 172.000000 35.000000 0 180.000000 24.000000
00050 10 0 196.000000 39.000000 0 199.000000 72.000000 0 199.000000 15.000000 0 200.000000 24.000000 0 185.000000 19.000000 0 200.000000 18.000000 0 199.000000 18.000000 0 200.000000 20.000000 0 198.000000 18.000000 0 199.000000 19.000000
