00001 10 0 55.000000 51.000000 0 162.000000 196.000000 0 63.000000 40.000000 0 237.000000 162.000000 0 166.000000 68.000000 0 240.000000 163.000000 0 242.000000 162.000000 0 173.000000 213.000000 0 243.000000 152.000000 0 168.000000 63.000000
00002 10 0 56.000000 51.000000 0 55.000000 51.000000 0 64.000000 42.000000 0 162.000000 196.000000 0 165.000000 68.000000 0 173.000000 214.000000 0 242.000000 162.000000 0 241.000000 162.000000 0 243.000000 152.000000 0 109.000000 17.000000
00003 10 0 56.000000 50.000000 0 55.000000 51.000000 0 64.000000 42.000000 0 166.000000 68.000000 0 162.000000 197.000000 0 237.000000 162.000000 0 173.000000 214.000000 0 241.000000 162.000000 0 252.000000 207.000000 0 243.000000 152.000000
00004 10 0 56.000000 50.000000 0 55.000000 51.000000 0 64.000000 42.000000 0 162.000000 196.000000 0 166.000000 68.000000 0 242.000000 162.000000 0 137.000000 36.000000 0 243.000000 152.000000 0 173.000000 214.000000 0 64.000000 0.000000
00005 10 0 56.000000 50.000000 0 64.000000 42.000000 0 64.000000 41.000000 0 162.000000 196.000000 0 165.000000 68.000000 0 237.000000 162.000000 0 242.000000 162.000000 0 243.000000 152.000000 0 110.000000 17.000000 0 252.000000 207.000000
00006 10 0 55.000000 51.000000 0 64.000000 42.000000 0 162.000000 196.000000 0 241.000000 162.000000 0 242.000000 162.000000 0 237.000000 162.000000 0 166.000000 68.000000 0 111.000000 17.000000 0 44.000000 160.000000 0 136.000000 37.000000
00007 10 0 55.000000 51.000000 0 162.000000 196.000000 0 64.000000 42.000000 0 241.000000 162.000000 0 237.000000 162.000000 0 166.000000 68.000000 0 243.000000 152.000000 0 248.000000 165.000000 0 110.000000 17.000000 0 173.000000 214.000000
00008 10 0 56.000000 50.000000 0 162.000000 196.000000 0 166.000000 68.000000 0 63.000000 40.000000 0 242.000000 162.000000 0 167.000000 61.000000 0 248.000000 165.000000 0 173.000000 214.000000 0 237.000000 163.000000 0 243.000000 153.000000
00009 10 0 56.000000 50.000000 0 162.000000 196.000000 0 166.000000 68.000000 0 64.000000 42.000000 0 64.000000 41.000000 0 242.000000 162.000000 0 237.000000 162.000000 0 136.000000 37.000000 0 248.000000 164.000000 0 243.000000 152.000000
00010 10 0 55.000000 51.000000 0 162.000000 196.000000 0 64.000000 42.000000 0 166.000000 68.000000 0 242.000000 162.000000 0 237.000000 162.000000 0 43.000000 161.000000 0 173.000000 214.000000 0 137.000000 36.000000 0 111.000000 17.000000
00011 10 0 56.000000 50.000000 0 55.000000 51.000000 0 64.000000 42.000000 0 162.000000 196.000000 0 237.000000 162.000000 0 242.000000 162.000000 0 168.000000 62.000000 0 135.000000 37.000000 0 173.000000 214.000000 0 197.000000 160.000000
00012 10 0 55.000000 50.000000 0 56.000000 50.000000 0 55.000000 51.000000 0 166.000000 68.000000 0 64.000000 42.000000 0 241.000000 162.000000 0 162.000000 196.000000 0 237.000000 162.000000 0 243.000000 152.000000 0 167.000000 61.000000
00013 10 0 56.000000 50.000000 0 55.000000 51.000000 0 162.000000 196.000000 0 166.000000 68.000000 0 63.000000 40.000000 0 241.000000 162.000000 0 237.000000 163.000000 0 248.000000 164.000000 0 243.000000 153.000000 0 64.000000 0.000000
00014 10 0 56.000000 50.000000 0 162.000000 196.000000 0 166.000000 68.000000 0 241.000000 162.000000 0 64.000000 42.000000 0 243.000000 152.000000 0 237.000000 163.000000 0 137.000000 36.000000 0 173.000000 213.000000 0 248.000000 164.000000
00015 10 0 55.000000 51.000000 0 56.000000 50.000000 0 162.000000 196.000000 0 242.000000 162.000000 0 64.000000 42.000000 0 166.000000 68.000000 0 44.000000 160.000000 0 237.000000 162.000000 0 110.000000 17.000000 0 173.000000 213.000000
00016 10 0 55.000000 51.000000 0 162.000000 197.000000 0 237.000000 163.000000 0 167.000000 60.000000 0 64.000000 42.000000 0 166.000000 68.000000 0 242.000000 162.000000 0 173.000000 213.000000 0 137.000000 36.000000 0 252.000000 207.000000
00017 10 0 55.000000 51.000000 0 56.000000 50.000000 0 162.000000 196.000000 0 64.000000 41.000000 0 64.000000 42.000000 0 166.000000 68.000000 0 242.000000 162.000000 0 237.000000 162.000000 0 136.000000 37.000000 0 43.000000 161.000000
00018 10 0 56.000000 50.000000 0 162.000000 196.000000 0 63.000000 40.000000 0 166.000000 68.000000 0 237.000000 162.000000 0 242.000000 162.000000 0 252.000000 207.000000 0 44.000000 160.000000 0 168.000000 62.000000 0 167.000000 61.000000
00019 10 0 55.000000 51.000000 0 56.000000 50.000000 0 56.000000 51.000000 0 162.000000 196.000000 0 166.000000 68.000000 0 242.000000 162.000000 0 237.000000 162.000000 0 243.000000 152.000000 0 65.000000 42.000000 0 173.000000 214.000000
00020 10 0 56.000000 50.000000 0 162.000000 196.000000 0 64.000000 42.000000 0 242.000000 162.000000 0 166.000000 68.000000 0 173.000000 213.000000 0 111.000000 17.000000 0 43.000000 161.000000 0 237.000000 162.000000 0 137.000000 36.000000
00021 10 0 55.000000 51.000000 0 162.000000 196.000000 0 242.000000 162.000000 0 64.000000 42.000000 0 237.000000 162.000000 0 166.000000 68.000000 0 248.000000 164.000000 0 243.000000 152.000000 0 110.000000 17.000000 0 137.000000 35.000000
00022 10 0 56.000000 51.000000 0 162.000000 196.000000 0 64.000000 42.000000 0 237.000000 163.000000 0 237.000000 162.000000 0 241.000000 162.000000 0 168.000000 62.000000 0 109.000000 17.000000 0 165.000000 68.000000 0 173.000000 213.000000
00023 10 0 56.000000 50.000000 0 64.000000 42.000000 0 166.000000 68.000000 0 162.000000 196.000000 0 161.000000 196.000000 0 237.000000 162.000000 0 242.000000 162.000000 0 137.000000 36.000000 0 110.000000 17.000000 0 173.000000 214.000000
00024 10 0 55.000000 51.000000 0 162.000000 196.000000 0 64.000000 41.000000 0 166.000000 68.000000 0 64.000000 42.000000 0 242.000000 162.000000 0 243.000000 152.000000 0 173.000000 214.000000 0 237.000000 162.000000 0 111.000000 17.000000
00025 10 0 55.000000 51.000000 0 56.000000 50.000000 0 162.000000 196.000000 0 166.000000 68.000000 0 64.000000 42.000000 0 241.000000 162.000000 0 137.000000 36.000000 0 167.000000 61.000000 0 237.000000 163.000000 0 237.000000 162.000000
00026 10 0 56.000000 50.000000 0 162.000000 196.000000 0 166.000000 68.000000 0 64.000000 42.000000 0 237.000000 163.000000 0 173.000000 214.000000 0 241.000000 162.000000 0 248.000000 164.000000 0 43.000000 161.000000 0 243.000000 152.000000
00027 10 0 56.000000 50.000000 0 162.000000 196.000000 0 165.000000 68.000000 0 64.000000 42.000000 0 242.000000 162.000000 0 241.000000 162.000000 0 173.000000 214.000000 0 43.000000 161.000000 0 237.000000 162.000000 0 137.000000 36.000000
00028 10 0 56.000000 50.000000 0 55.000000 51.000000 0 162.000000 197.000000 0 63.000000 40.000000 0 242.000000 162.000000 0 166.000000 68.000000 0 165.000000 68.000000 0 173.000000 214.000000 0 237.000000 163.000000 0 44.000000 161.000000
00029 10 0 55.000000 51.000000 0 162.000000 196.000000 0 166.000000 68.000000 0 165.000000 68.000000 0 241.000000 162.000000 0 242.000000 162.000000 0 64.000000 42.000000 0 109.000000 17.000000 0 250.000000 162.000000 0 237.000000 163.000000
00030 10 0 56.000000 50.000000 0 56.000000 51.000000 0 162.000000 196.000000 0 64.000000 42.000000 0 241.000000 162.000000 0 166.000000 68.000000 0 237.000000 163.000000 0 237.000000 162.000000 0 137.000000 36.000000 0 173.000000 213.000000
00031 10 0 56.000000 50.000000 0 162.000000 196.000000 0 166.000000 68.000000 0 165.000000 68.000000 0 63.000000 40.000000 0 238.000000 163.000000 0 237.000000 163.000000 0 242.000000 162.000000 0 243.000000 152.000000 0 44.000000 160.000000
00032 10 0 55.000000 51.000000 0 162.000000 196.000000 0 165.000000 68.000000 0 64.000000 42.000000 0 64.000000 41.000000 0 241.000000 162.000000 0 242.000000 162.000000 0 237.000000 162.000000 0 168.000000 62.000000 0 110.000000 17.000000
00033 10 0 55.000000 51.000000 0 56.000000 50.000000 0 56.000000 51.000000 0 162.000000 196.000000 0 64.000000 41.000000 0 165.000000 68.000000 0 242.000000 162.000000 0 168.000000 62.000000 0 237.000000 162.000000 0 137.000000 36.000000
00034 10 0 56.000000 51.000000 0 56.000000 50.000000 0 55.000000 51.000000 0 162.000000 196.000000 0 166.000000 68.000000 0 64.000000 42.000000 0 242.000000 162.000000 0 237.000000 163.000000 0 43.000000 161.000000 0 253.000000 207.000000
00035 10 0 56.000000 50.000000 0 64.000000 42.000000 0 162.000000 196.000000 0 241.000000 162.000000 0 243.000000 152.000000 0 237.000000 162.000000 0 167.000000 68.000000 0 137.000000 36.000000 0 234.000000 164.000000 0 64.000000 0.000000
00036 10 0 55.000000 51.000000 0 162.000000 196.000000 0 64.000000 41.000000 0 165.000000 68.000000 0 241.000000 162.000000 0 243.000000 152.000000 0 237.000000 162.000000 0 110.000000 17.000000 0 43.000000 161.000000 0 135.000000 37.000000
00037 10 0 55.000000 51.000000 0 162.000000 196.000000 0 166.000000 68.000000 0 237.000000 162.000000 0 65.000000 42.000000 0 173.000000 214.000000 0 241.000000 162.000000 0 168.000000 62.000000 0 110.000000 17.000000 0 137.000000 36.000000
00038 10 0 56.000000 50.000000 0 162.000000 196.000000 0 64.000000 42.000000 0 166.000000 68.000000 0 64.000000 0.000000 0 237.000000 162.000000 0 43.000000 161.000000 0 110.000000 17.000000 0 168.000000 63.000000 0 241.000000 163.000000
00039 10 0 56.000000 50.000000 0 55.000000 51.000000 0 162.000000 196.000000 0 64.000000 42.000000 0 237.000000 162.000000 0 166.000000 68.000000 0 242.000000 162.000000 0 248.000000 164.000000 0 167.000000 61.000000 0 110.000000 17.000000
00040 10 0 56.000000 50.000000 0 162.000000 196.000000 0 64.000000 42.000000 0 237.000000 162.000000 0 173.000000 213.000000 0 43.000000 161.000000 0 165.000000 68.000000 0 242.000000 162.000000 0 109.000000 17.000000 0 248.000000 165.000000
00041 10 0 55.000000 51.000000 0 162.000000 196.000000 0 242.000000 162.000000 0 166.000000 68.000000 0 64.000000 42.000000 0 237.000000 162.000000 0 237.000000 163.000000 0 173.000000 214.000000 0 248.000000 165.000000 0 167.000000 61.000000
00042 10 0 55.000000 51.000000 0 162.000000 196.000000 0 165.000000 68.000000 0 64.000000 42.000000 0 242.000000 162.000000 0 237.000000 162.000000 0 243.000000 152.000000 0 173.000000 214.000000 0 173.000000 213.000000 0 43.000000 161.000000
00043 10 0 55.000000 51.000000 0 162.000000 196.000000 0 64.000000 42.000000 0 166.000000 68.000000 0 243.000000 152.000000 0 242.000000 162.000000 0 110.000000 17.000000 0 237.000000 162.000000 0 43.000000 161.000000 0 252.000000 207.000000
00044 10 0 56.000000 50.000000 0 162.000000 196.000000 0 242.000000 162.000000 0 237.000000 162.000000 0 166.000000 68.000000 0 64.000000 42.000000 0 63.000000 42.000000 0 64.000000 41.000000 0 173.000000 214.000000 0 252.000000 207.000000
00045 10 0 56.000000 50.000000 0 55.000000 51.000000 0 162.000000 196.000000 0 64.000000 42.000000 0 64.000000 41.000000 0 165.000000 68.000000 0 241.000000 162.000000 0 168.000000 62.000000 0 173.000000 214.000000 0 110.000000 17.000000
00046 10 0 55.000000 51.000000 0 241.000000 162.000000 0 165.000000 68.000000 0 166.000000 68.000000 0 64.000000 41.000000 0 162.000000 196.000000 0 237.000000 162.000000 0 173.000000 214.000000 0 173.000000 213.000000 0 109.000000 17.000000
00047 10 0 56.000000 50.000000 0 56.000000 51.000000 0 64.000000 41.000000 0 166.000000 68.000000 0 165.000000 68.000000 0 162.000000 196.000000 0 237.000000 162.000000 0 242.000000 162.000000 0 173.000000 213.000000 0 137.000000 36.000000
00048 10 0 56.000000 50.000000 0 55.000000 51.000000 0 64.000000 42.000000 0 162.000000 197.000000 0 242.000000 162.000000 0 243.000000 152.000000 0 165.000000 67.000000 0 166.000000 67.000000 0 248.000000 165.000000 0 43.000000 161.000000
00049 10 0 56.000000 50.000000 0 162.000000 196.000000 0 64.000000 42.000000 0 242.000000 162.000000 0 165.000000 68.000000 0 237.000000 162.000000 0 243.000000 152.000000 0 110.000000 17.000000 0 168.000000 62.000000 0 43.000000 161.000000
00050 10 0 56.000000 50.000000 0 162.000000 196.000000 0 242.000000 162.000000 0 64.000000 42.000000 0 166.000000 68.000000 0 237.000000 162.000000 0 135.000000 37.000000 0 110.000000 17.000000 0 168.000000 62.000000 0 252.000000 207.000000
