00001 10 0 40.000000 34.000000 0 84.000000 8.000000 0 94.000000 15.000000 0 157.000000 66.000000 0 111.000000 0.000000 0 23.000000 48.000000 0 32.000000 47.000000 0 72.000000 23.000000 0 89.000000 13.000000 0 160.000000 68.000000
00002 10 0 95.000000 12.000000 0 91.000000 11.000000 0 86.000000 7.000000 0 88.000000 10.000000 0 26.000000 48.000000 0 5.000000 50.000000 0 44.000000 34.000000 0 44.000000 33.000000 0 158.000000 40.000000 0 159.000000 65.000000
00003 10 0 160.000000 39.000000 0 92.000000 11.000000 0 91.000000 11.000000 0 42.000000 32.000000 0 103.000000 1.000000 0 7.000000 48.000000 0 56.000000 28.000000 0 56.000000 27.000000 0 135.000000 39.000000 0 96.000000 12.000000
00004 10 0 90.000000 11.000000 0 91.000000 12.000000 0 114.000000 0.000000 0 136.000000 40.000000 0 7.000000 51.000000 0 159.000000 42.000000 0 162.000000 42.000000 0 44.000000 35.000000 0 26.000000 48.000000 0 26.000000 49.000000
00005 10 0 28.000000 48.000000 0 115.000000 1.000000 0 95.000000 16.000000 0 7.000000 50.000000 0 160.000000 43.000000 0 98.000000 12.000000 0 25.000000 49.000000 0 35.000000 47.000000 0 41.000000 34.000000 0 72.000000 24.000000
00006 10 0 89.000000 13.000000 0 90.000000 14.000000 0 22.000000 49.000000 0 40.000000 35.000000 0 157.000000 43.000000 0 83.000000 9.000000 0 159.000000 40.000000 0 86.000000 13.000000 0 83.000000 8.000000 0 71.000000 23.000000
00007 10 0 8.000000 51.000000 0 159.000000 43.000000 0 92.000000 15.000000 0 93.000000 15.000000 0 93.000000 17.000000 0 85.000000 11.000000 0 41.000000 36.000000 0 32.000000 47.000000 0 23.000000 48.000000 0 24.000000 51.000000
00008 10 0 95.000000 15.000000 0 153.000000 47.000000 0 88.000000 11.000000 0 91.000000 14.000000 0 25.000000 50.000000 0 111.000000 0.000000 0 34.000000 46.000000 0 43.000000 36.000000 0 116.000000 2.000000 0 38.000000 33.000000
00009 10 0 91.000000 15.000000 0 40.000000 37.000000 0 19.000000 49.000000 0 22.000000 49.000000 0 15.000000 47.000000 0 158.000000 43.000000 0 159.000000 43.000000 0 76.000000 203.000000 0 56.000000 32.000000 0 101.000000 3.000000
00010 10 0 87.000000 13.000000 0 82.000000 9.000000 0 157.000000 68.000000 0 109.000000 2.000000 0 39.000000 36.000000 0 15.000000 51.000000 0 92.000000 14.000000 0 70.000000 23.000000 0 71.000000 23.000000 0 32.000000 4.000000
00011 10 0 159.000000 68.000000 0 43.000000 34.000000 0 43.000000 35.000000 0 6.000000 51.000000 0 96.000000 14.000000 0 90.000000 12.000000 0 40.000000 31.000000 0 6.000000 48.000000 0 86.000000 8.000000 0 153.000000 48.000000
00012 10 0 39.000000 33.000000 0 114.000000 0.000000 0 82.000000 7.000000 0 88.000000 11.000000 0 24.000000 46.000000 0 32.000000 7.000000 0 3.000000 49.000000 0 85.000000 11.000000 0 161.000000 40.000000 0 93.000000 13.000000
00013 10 0 95.000000 14.000000 0 5.000000 51.000000 0 43.000000 35.000000 0 167.000000 40.000000 0 160.000000 42.000000 0 55.000000 31.000000 0 152.000000 48.000000 0 160.000000 68.000000 0 23.000000 48.000000 0 88.000000 10.000000
00014 10 0 93.000000 15.000000 0 170.000000 39.000000 0 43.000000 35.000000 0 40.000000 32.000000 0 115.000000 2.000000 0 163.000000 42.000000 0 90.000000 12.000000 0 19.000000 49.000000 0 16.000000 49.000000 0 143.000000 32.000000
00015 10 0 8.000000 48.000000 0 112.000000 0.000000 0 162.000000 40.000000 0 23.000000 48.000000 0 92.000000 12.000000 0 6.000000 51.000000 0 43.000000 34.000000 0 42.000000 34.000000 0 159.000000 66.000000 0 90.000000 9.000000
00016 10 0 39.000000 35.000000 0 111.000000 2.000000 0 91.000000 15.000000 0 157.000000 69.000000 0 3.000000 52.000000 0 7.000000 51.000000 0 85.000000 11.000000 0 157.000000 44.000000 0 55.000000 32.000000 0 16.000000 47.000000
00017 10 0 157.000000 40.000000 0 3.000000 50.000000 0 39.000000 32.000000 0 88.000000 12.000000 0 84.000000 8.000000 0 93.000000 12.000000 0 136.000000 35.000000 0 31.000000 45.000000 0 134.000000 39.000000 0 162.000000 40.000000
00018 10 0 94.000000 13.000000 0 135.000000 39.000000 0 152.000000 47.000000 0 40.000000 30.000000 0 89.000000 8.000000 0 40.000000 29.000000 0 27.000000 47.000000 0 159.000000 66.000000 0 98.000000 8.000000 0 160.000000 41.000000
00019 10 0 88.000000 10.000000 0 40.000000 34.000000 0 95.000000 10.000000 0 85.000000 7.000000 0 5.000000 48.000000 0 24.000000 46.000000 0 133.000000 39.000000 0 27.000000 48.000000 0 92.000000 12.000000 0 73.000000 19.000000
00020 10 0 94.000000 15.000000 0 39.000000 34.000000 0 89.000000 15.000000 0 84.000000 10.000000 0 4.000000 52.000000 0 115.000000 2.000000 0 42.000000 38.000000 0 43.000000 38.000000 0 128.000000 47.000000 0 16.000000 51.000000
00021 10 0 82.000000 8.000000 0 90.000000 15.000000 0 15.000000 47.000000 0 39.000000 35.000000 0 110.000000 0.000000 0 113.000000 0.000000 0 135.000000 33.000000 0 130.000000 41.000000 0 87.000000 11.000000 0 88.000000 11.000000
00022 10 0 86.000000 10.000000 0 40.000000 31.000000 0 72.000000 21.000000 0 18.000000 47.000000 0 155.000000 63.000000 0 157.000000 40.000000 0 31.000000 44.000000 0 31.000000 45.000000 0 134.000000 38.000000 0 134.000000 35.000000
00023 10 0 40.000000 32.000000 0 40.000000 35.000000 0 111.000000 0.000000 0 87.000000 12.000000 0 3.000000 50.000000 0 15.000000 49.000000 0 75.000000 8.000000 0 24.000000 48.000000 0 24.000000 47.000000 0 85.000000 7.000000
00024 10 0 88.000000 8.000000 0 136.000000 36.000000 0 115.000000 0.000000 0 85.000000 7.000000 0 96.000000 12.000000 0 91.000000 12.000000 0 92.000000 12.000000 0 4.000000 50.000000 0 5.000000 50.000000 0 103.000000 2.000000
00025 10 0 162.000000 40.000000 0 91.000000 11.000000 0 136.000000 39.000000 0 88.000000 8.000000 0 94.000000 13.000000 0 44.000000 34.000000 0 152.000000 46.000000 0 10.000000 48.000000 0 85.000000 6.000000 0 84.000000 6.000000
00026 10 0 16.000000 47.000000 0 88.000000 15.000000 0 89.000000 15.000000 0 31.000000 47.000000 0 111.000000 1.000000 0 147.000000 48.000000 0 32.000000 4.000000 0 82.000000 8.000000 0 39.000000 35.000000 0 23.000000 47.000000
00027 10 0 87.000000 8.000000 0 84.000000 6.000000 0 156.000000 40.000000 0 93.000000 12.000000 0 40.000000 32.000000 0 159.000000 40.000000 0 15.000000 48.000000 0 4.000000 48.000000 0 109.000000 16.000000 0 151.000000 23.000000
00028 10 0 92.000000 13.000000 0 90.000000 10.000000 0 5.000000 51.000000 0 29.000000 48.000000 0 159.000000 68.000000 0 25.000000 48.000000 0 42.000000 33.000000 0 87.000000 8.000000 0 96.000000 14.000000 0 18.000000 47.000000
00029 10 0 2.000000 49.000000 0 39.000000 37.000000 0 86.000000 11.000000 0 30.000000 48.000000 0 157.000000 43.000000 0 158.000000 43.000000 0 153.000000 63.000000 0 82.000000 7.000000 0 111.000000 0.000000 0 112.000000 1.000000
00030 10 0 135.000000 39.000000 0 152.000000 45.000000 0 91.000000 11.000000 0 159.000000 40.000000 0 39.000000 31.000000 0 162.000000 40.000000 0 23.000000 47.000000 0 85.000000 7.000000 0 43.000000 34.000000 0 10.000000 48.000000
00031 10 0 95.000000 16.000000 0 42.000000 37.000000 0 39.000000 35.000000 0 42.000000 36.000000 0 115.000000 2.000000 0 157.000000 68.000000 0 73.000000 24.000000 0 89.000000 15.000000 0 160.000000 42.000000 0 224.000000 34.000000
00032 10 0 8.000000 48.000000 0 90.000000 10.000000 0 44.000000 34.000000 0 24.000000 47.000000 0 162.000000 55.000000 0 68.000000 231.000000 0 95.000000 11.000000 0 95.000000 12.000000 0 18.000000 48.000000 0 146.000000 23.000000
00033 10 0 89.000000 11.000000 0 114.000000 0.000000 0 22.000000 49.000000 0 82.000000 8.000000 0 15.000000 48.000000 0 127.000000 44.000000 0 18.000000 46.000000 0 39.000000 32.000000 0 149.000000 23.000000 0 95.000000 10.000000
00034 10 0 92.000000 12.000000 0 95.000000 10.000000 0 5.000000 48.000000 0 88.000000 10.000000 0 40.000000 32.000000 0 83.000000 6.000000 0 16.000000 48.000000 0 155.000000 57.000000 0 153.000000 7.000000 0 159.000000 41.000000
00035 10 0 95.000000 15.000000 0 7.000000 50.000000 0 44.000000 35.000000 0 159.000000 42.000000 0 85.000000 8.000000 0 91.000000 13.000000 0 91.000000 12.000000 0 40.000000 32.000000 0 40.000000 31.000000 0 131.000000 45.000000
00036 10 0 85.000000 13.000000 0 82.000000 9.000000 0 41.000000 36.000000 0 129.000000 43.000000 0 158.000000 43.000000 0 3.000000 51.000000 0 69.000000 24.000000 0 72.000000 23.000000 0 90.000000 14.000000 0 111.000000 1.000000
00037 10 0 87.000000 7.000000 0 96.000000 13.000000 0 151.000000 0.000000 0 115.000000 0.000000 0 90.000000 10.000000 0 114.000000 0.000000 0 161.000000 41.000000 0 7.000000 50.000000 0 135.000000 41.000000 0 77.000000 192.000000
00038 10 0 39.000000 31.000000 0 160.000000 39.000000 0 159.000000 66.000000 0 4.000000 48.000000 0 111.000000 0.000000 0 101.000000 0.000000 0 91.000000 13.000000 0 87.000000 9.000000 0 128.000000 41.000000 0 85.000000 7.000000
00039 10 0 152.000000 63.000000 0 113.000000 0.000000 0 90.000000 14.000000 0 155.000000 66.000000 0 87.000000 12.000000 0 110.000000 0.000000 0 36.000000 31.000000 0 13.000000 47.000000 0 71.000000 21.000000 0 2.000000 51.000000
00040 10 0 43.000000 34.000000 0 41.000000 32.000000 0 89.000000 8.000000 0 159.000000 64.000000 0 86.000000 6.000000 0 88.000000 11.000000 0 162.000000 40.000000 0 95.000000 10.000000 0 93.000000 11.000000 0 155.000000 61.000000
00041 10 0 111.000000 0.000000 0 130.000000 41.000000 0 91.000000 13.000000 0 82.000000 8.000000 0 41.000000 34.000000 0 40.000000 34.000000 0 147.000000 48.000000 0 114.000000 0.000000 0 14.000000 47.000000 0 24.000000 48.000000
00042 10 0 88.000000 12.000000 0 90.000000 16.000000 0 103.000000 3.000000 0 42.000000 36.000000 0 34.000000 8.000000 0 53.000000 30.000000 0 111.000000 3.000000 0 148.000000 47.000000 0 83.000000 10.000000 0 159.000000 42.000000
00043 10 0 96.000000 16.000000 0 160.000000 43.000000 0 40.000000 34.000000 0 96.000000 13.000000 0 6.000000 52.000000 0 113.000000 1.000000 0 86.000000 8.000000 0 16.000000 51.000000 0 156.000000 63.000000 0 75.000000 23.000000
00044 10 0 42.000000 32.000000 0 96.000000 12.000000 0 91.000000 11.000000 0 16.000000 48.000000 0 85.000000 7.000000 0 160.000000 40.000000 0 111.000000 0.000000 0 133.000000 40.000000 0 160.000000 66.000000 0 40.000000 29.000000
00045 10 0 40.000000 31.000000 0 2.000000 50.000000 0 82.000000 7.000000 0 16.000000 49.000000 0 87.000000 9.000000 0 88.000000 10.000000 0 158.000000 40.000000 0 163.000000 37.000000 0 92.000000 11.000000 0 45.000000 32.000000
00046 10 0 87.000000 9.000000 0 86.000000 9.000000 0 41.000000 33.000000 0 31.000000 44.000000 0 72.000000 21.000000 0 157.000000 41.000000 0 102.000000 0.000000 0 3.000000 49.000000 0 83.000000 6.000000 0 127.000000 41.000000
00047 10 0 40.000000 32.000000 0 3.000000 49.000000 0 31.000000 44.000000 0 88.000000 9.000000 0 14.000000 49.000000 0 158.000000 39.000000 0 90.000000 12.000000 0 47.000000 31.000000 0 130.000000 40.000000 0 74.000000 194.000000
00048 10 0 39.000000 32.000000 0 34.000000 2.000000 0 87.000000 10.000000 0 72.000000 230.000000 0 92.000000 12.000000 0 84.000000 5.000000 0 83.000000 5.000000 0 152.000000 42.000000 0 160.000000 40.000000 0 21.000000 47.000000
00049 10 0 88.000000 14.000000 0 40.000000 38.000000 0 91.000000 16.000000 0 154.000000 63.000000 0 27.000000 50.000000 0 164.000000 41.000000 0 149.000000 48.000000 0 24.000000 50.000000 0 23.000000 51.000000 0 32.000000 47.000000
00050 10 0 90.000000 14.000000 0 96.000000 14.000000 0 85.000000 10.000000 0 5.000000 51.000000 0 84.000000 10.000000 0 85.000000 9.000000 0 159.000000 66.000000 0 41.000000 35.000000 0 23.000000 50.000000 0 75.000000 23.000000
