00001 10 0 320.000000 408.000000 0 321.000000 408.000000 0 324.000000 408.000000 0 325.000000 408.000000 0 328.000000 408.000000 0 329.000000 408.000000 0 314.000000 409.000000 0 315.000000 409.000000 0 336.000000 408.000000 0 337.000000 408.000000
00002 10 0 272.000000 408.000000 0 273.000000 408.000000 0 312.000000 408.000000 0 277.000000 408.000000 0 280.000000 408.000000 0 281.000000 408.000000 0 284.000000 408.000000 0 285.000000 408.000000 0 289.000000 408.000000 0 290.000000 408.000000
00003 10 0 337.000000 408.000000 0 339.000000 408.000000 0 322.000000 409.000000 0 323.000000 409.000000 0 324.000000 409.000000 0 347.000000 408.000000 0 348.000000 408.000000 0 354.000000 408.000000 0 355.000000 408.000000 0 356.000000 408.000000
00004 10 0 313.000000 409.000000 0 314.000000 409.000000 0 315.000000 409.000000 0 292.000000 409.000000 0 293.000000 409.000000 0 296.000000 409.000000 0 321.000000 409.000000 0 322.000000 409.000000 0 323.000000 409.000000 0 324.000000 409.000000
00005 10 0 297.000000 408.000000 0 300.000000 408.000000 0 301.000000 408.000000 0 305.000000 408.000000 0 306.000000 408.000000 0 312.000000 408.000000 0 328.000000 409.000000 0 329.000000 409.000000 0 330.000000 409.000000 0 331.000000 409.000000
00006 10 0 305.000000 409.000000 0 284.000000 409.000000 0 289.000000 408.000000 0 290.000000 408.000000 0 292.000000 408.000000 0 293.000000 408.000000 0 296.000000 408.000000 0 297.000000 408.000000 0 300.000000 408.000000 0 296.000000 409.000000
00007 10 0 290.000000 409.000000 0 291.000000 409.000000 0 292.000000 409.000000 0 293.000000 409.000000 0 301.000000 408.000000 0 305.000000 408.000000 0 298.000000 409.000000 0 299.000000 409.000000 0 300.000000 409.000000 0 301.000000 409.000000
00008 10 0 29.000000 500.000000 0 342.000000 179.000000 0 362.000000 180.000000 0 359.000000 180.000000 0 297.000000 180.000000 0 296.000000 180.000000 0 79.000000 180.000000 0 78.000000 180.000000 0 77.000000 180.000000 0 21.000000 185.000000
00009 10 0 205.000000 6.000000 0 230.000000 9.000000 0 193.000000 55.000000 0 463.000000 61.000000 0 407.000000 67.000000 0 47.000000 457.000000 0 49.000000 455.000000 0 45.000000 455.000000 0 59.000000 463.000000 0 61.000000 462.000000
00010 10 0 205.000000 6.000000 0 296.000000 52.000000 0 520.000000 51.000000 0 193.000000 55.000000 0 463.000000 61.000000 0 49.000000 459.000000 0 60.000000 463.000000 0 59.000000 463.000000 0 61.000000 462.000000 0 117.000000 459.000000
00011 10 0 29.000000 500.000000 0 205.000000 6.000000 0 78.000000 483.000000 0 293.000000 485.000000 0 275.000000 492.000000 0 231.000000 25.000000 0 275.000000 493.000000 0 232.000000 26.000000 0 232.000000 27.000000 0 77.000000 483.000000
00012 10 0 205.000000 6.000000 0 214.000000 11.000000 0 193.000000 55.000000 0 296.000000 52.000000 0 463.000000 61.000000 0 57.000000 455.000000 0 45.000000 455.000000 0 41.000000 455.000000 0 60.000000 463.000000 0 59.000000 463.000000
00013 10 0 205.000000 6.000000 0 214.000000 11.000000 0 231.000000 25.000000 0 463.000000 61.000000 0 497.000000 67.000000 0 41.000000 459.000000 0 47.000000 457.000000 0 45.000000 455.000000 0 41.000000 455.000000 0 59.000000 463.000000
00014 10 0 205.000000 6.000000 0 214.000000 11.000000 0 231.000000 24.000000 0 231.000000 25.000000 0 231.000000 26.000000 0 463.000000 61.000000 0 497.000000 67.000000 0 45.000000 455.000000 0 41.000000 455.000000 0 60.000000 463.000000
00015 10 0 205.000000 6.000000 0 214.000000 11.000000 0 213.000000 21.000000 0 296.000000 52.000000 0 469.000000 50.000000 0 193.000000 55.000000 0 463.000000 61.000000 0 60.000000 463.000000 0 59.000000 463.000000 0 117.000000 459.000000
00016 10 0 205.000000 6.000000 0 214.000000 10.000000 0 214.000000 11.000000 0 193.000000 55.000000 0 463.000000 61.000000 0 407.000000 66.000000 0 497.000000 67.000000 0 59.000000 463.000000 0 117.000000 459.000000 0 41.000000 459.000000
00017 10 0 205.000000 6.000000 0 214.000000 10.000000 0 214.000000 11.000000 0 193.000000 55.000000 0 296.000000 52.000000 0 463.000000 61.000000 0 497.000000 67.000000 0 407.000000 66.000000 0 47.000000 455.000000 0 45.000000 455.000000
00018 10 0 287.000000 503.000000 0 403.000000 45.000000 0 407.000000 39.000000 0 275.000000 492.000000 0 469.000000 50.000000 0 275.000000 493.000000 0 77.000000 483.000000 0 77.000000 484.000000 0 193.000000 55.000000 0 293.000000 485.000000
00019 10 0 287.000000 503.000000 0 286.000000 191.000000 0 285.000000 191.000000 0 284.000000 191.000000 0 357.000000 184.000000 0 353.000000 184.000000 0 313.000000 189.000000 0 310.000000 189.000000 0 19.000000 189.000000 0 518.000000 190.000000
00020 10 0 205.000000 6.000000 0 214.000000 10.000000 0 214.000000 11.000000 0 403.000000 45.000000 0 295.000000 53.000000 0 296.000000 52.000000 0 469.000000 50.000000 0 197.000000 56.000000 0 195.000000 55.000000 0 193.000000 55.000000
00021 10 0 287.000000 503.000000 0 205.000000 6.000000 0 28.000000 500.000000 0 403.000000 45.000000 0 407.000000 39.000000 0 295.000000 52.000000 0 519.000000 51.000000 0 469.000000 50.000000 0 193.000000 55.000000 0 275.000000 492.000000
00022 10 0 214.000000 11.000000 0 403.000000 45.000000 0 295.000000 52.000000 0 469.000000 50.000000 0 197.000000 56.000000 0 295.000000 53.000000 0 197.000000 57.000000 0 117.000000 459.000000 0 41.000000 459.000000 0 39.000000 459.000000
00023 10 0 287.000000 503.000000 0 275.000000 492.000000 0 275.000000 493.000000 0 33.000000 499.000000 0 75.000000 483.000000 0 403.000000 45.000000 0 295.000000 53.000000 0 473.000000 197.000000 0 328.000000 197.000000 0 327.000000 197.000000
00024 10 0 287.000000 503.000000 0 229.000000 6.000000 0 403.000000 45.000000 0 275.000000 492.000000 0 471.000000 53.000000 0 295.000000 53.000000 0 295.000000 52.000000 0 275.000000 493.000000 0 469.000000 50.000000 0 197.000000 57.000000
00025 10 0 204.000000 5.000000 0 229.000000 9.000000 0 213.000000 10.000000 0 403.000000 45.000000 0 192.000000 55.000000 0 192.000000 54.000000 0 471.000000 53.000000 0 295.000000 52.000000 0 505.000000 59.000000 0 197.000000 57.000000
00026 10 0 229.000000 6.000000 0 403.000000 45.000000 0 407.000000 39.000000 0 469.000000 50.000000 0 192.000000 55.000000 0 192.000000 54.000000 0 471.000000 53.000000 0 295.000000 52.000000 0 197.000000 57.000000 0 197.000000 56.000000
00027 10 0 204.000000 5.000000 0 229.000000 6.000000 0 213.000000 10.000000 0 214.000000 10.000000 0 403.000000 45.000000 0 192.000000 54.000000 0 471.000000 53.000000 0 295.000000 52.000000 0 469.000000 50.000000 0 197.000000 57.000000
00028 10 0 204.000000 5.000000 0 229.000000 6.000000 0 229.000000 8.000000 0 229.000000 9.000000 0 213.000000 10.000000 0 469.000000 50.000000 0 192.000000 54.000000 0 295.000000 52.000000 0 197.000000 57.000000 0 192.000000 55.000000
00029 10 0 204.000000 5.000000 0 229.000000 6.000000 0 213.000000 10.000000 0 295.000000 51.000000 0 469.000000 50.000000 0 192.000000 54.000000 0 295.000000 52.000000 0 296.000000 51.000000 0 197.000000 57.000000 0 192.000000 55.000000
00030 10 0 287.000000 503.000000 0 204.000000 5.000000 0 275.000000 491.000000 0 407.000000 39.000000 0 274.000000 493.000000 0 237.000000 36.000000 0 275.000000 493.000000 0 403.000000 45.000000 0 296.000000 51.000000 0 295.000000 51.000000
00031 10 0 204.000000 5.000000 0 229.000000 6.000000 0 229.000000 8.000000 0 213.000000 10.000000 0 230.000000 24.000000 0 231.000000 24.000000 0 231.000000 25.000000 0 295.000000 52.000000 0 296.000000 51.000000 0 295.000000 51.000000
00032 10 0 204.000000 5.000000 0 229.000000 8.000000 0 213.000000 10.000000 0 295.000000 52.000000 0 296.000000 51.000000 0 295.000000 51.000000 0 197.000000 57.000000 0 59.000000 463.000000 0 53.000000 472.000000 0 34.000000 470.000000
00033 10 0 287.000000 503.000000 0 204.000000 5.000000 0 229.000000 8.000000 0 213.000000 9.000000 0 213.000000 10.000000 0 230.000000 24.000000 0 274.000000 493.000000 0 192.000000 55.000000 0 295.000000 52.000000 0 77.000000 482.000000
00034 10 0 287.000000 503.000000 0 337.000000 199.000000 0 269.000000 199.000000 0 475.000000 198.000000 0 62.000000 200.000000 0 61.000000 200.000000 0 299.000000 197.000000 0 269.000000 197.000000 0 307.000000 198.000000 0 269.000000 198.000000
00035 10 0 229.000000 8.000000 0 213.000000 9.000000 0 213.000000 10.000000 0 230.000000 24.000000 0 230.000000 25.000000 0 231.000000 25.000000 0 295.000000 52.000000 0 295.000000 51.000000 0 407.000000 61.000000 0 407.000000 66.000000
00036 10 0 274.000000 493.000000 0 74.000000 483.000000 0 75.000000 484.000000 0 237.000000 35.000000 0 403.000000 45.000000 0 295.000000 52.000000 0 295.000000 51.000000 0 521.000000 50.000000 0 351.000000 164.000000 0 264.000000 164.000000
00037 10 0 402.000000 45.000000 0 407.000000 39.000000 0 407.000000 38.000000 0 296.000000 51.000000 0 295.000000 51.000000 0 191.000000 54.000000 0 58.000000 463.000000 0 117.000000 459.000000 0 39.000000 459.000000 0 59.000000 463.000000
00038 10 0 213.000000 9.000000 0 213.000000 10.000000 0 230.000000 24.000000 0 230.000000 25.000000 0 191.000000 54.000000 0 117.000000 459.000000 0 39.000000 459.000000 0 59.000000 463.000000 0 58.000000 463.000000 0 33.000000 470.000000
00039 10 0 213.000000 9.000000 0 213.000000 10.000000 0 230.000000 24.000000 0 191.000000 54.000000 0 59.000000 463.000000 0 58.000000 463.000000 0 117.000000 459.000000 0 53.000000 464.000000 0 65.000000 475.000000 0 51.000000 473.000000
00040 10 0 407.000000 38.000000 0 285.000000 37.000000 0 237.000000 35.000000 0 411.000000 47.000000 0 191.000000 54.000000 0 295.000000 51.000000 0 59.000000 463.000000 0 33.000000 470.000000 0 74.000000 483.000000 0 73.000000 483.000000
00041 10 0 407.000000 38.000000 0 295.000000 51.000000 0 191.000000 54.000000 0 33.000000 470.000000 0 65.000000 475.000000 0 75.000000 484.000000 0 74.000000 484.000000 0 74.000000 483.000000 0 73.000000 483.000000 0 497.000000 66.000000
00042 10 0 213.000000 9.000000 0 213.000000 10.000000 0 7.000000 508.000000 0 295.000000 51.000000 0 191.000000 54.000000 0 117.000000 459.000000 0 111.000000 465.000000 0 59.000000 463.000000 0 54.000000 467.000000 0 33.000000 470.000000
00043 10 0 213.000000 9.000000 0 213.000000 10.000000 0 191.000000 54.000000 0 295.000000 51.000000 0 111.000000 465.000000 0 57.000000 464.000000 0 59.000000 463.000000 0 33.000000 470.000000 0 73.000000 483.000000 0 507.000000 73.000000
00044 10 0 25.000000 500.000000 0 477.000000 216.000000 0 253.000000 216.000000 0 253.000000 211.000000 0 252.000000 211.000000 0 251.000000 211.000000 0 250.000000 211.000000 0 246.000000 211.000000 0 245.000000 211.000000 0 301.000000 213.000000
00045 10 0 203.000000 4.000000 0 203.000000 5.000000 0 213.000000 9.000000 0 213.000000 10.000000 0 191.000000 54.000000 0 45.000000 455.000000 0 43.000000 455.000000 0 58.000000 463.000000 0 117.000000 459.000000 0 54.000000 467.000000
00046 10 0 203.000000 5.000000 0 213.000000 9.000000 0 295.000000 51.000000 0 193.000000 54.000000 0 191.000000 54.000000 0 117.000000 459.000000 0 42.000000 458.000000 0 57.000000 464.000000 0 56.000000 464.000000 0 58.000000 463.000000
00047 10 0 203.000000 4.000000 0 203.000000 5.000000 0 213.000000 9.000000 0 411.000000 47.000000 0 191.000000 54.000000 0 295.000000 51.000000 0 193.000000 54.000000 0 42.000000 458.000000 0 41.000000 458.000000 0 57.000000 464.000000
00048 10 0 9.000000 503.000000 0 407.000000 38.000000 0 285.000000 37.000000 0 236.000000 35.000000 0 7.000000 504.000000 0 7.000000 505.000000 0 411.000000 47.000000 0 403.000000 44.000000 0 193.000000 54.000000 0 191.000000 54.000000
00049 10 0 9.000000 503.000000 0 203.000000 4.000000 0 203.000000 5.000000 0 7.000000 504.000000 0 212.000000 9.000000 0 229.000000 23.000000 0 230.000000 23.000000 0 7.000000 505.000000 0 295.000000 51.000000 0 25.000000 500.000000
00050 10 0 203.000000 4.000000 0 203.000000 5.000000 0 212.000000 9.000000 0 193.000000 54.000000 0 191.000000 54.000000 0 294.000000 52.000000 0 471.000000 51.000000 0 407.000000 65.000000 0 115.000000 463.000000 0 58.000000 463.000000
00051 10 0 203.000000 5.000000 0 212.000000 9.000000 0 191.000000 54.000000 0 294.000000 52.000000 0 471.000000 51.000000 0 295.000000 51.000000 0 193.000000 54.000000 0 407.000000 65.000000 0 115.000000 463.000000 0 58.000000 463.000000
00052 10 0 212.000000 9.000000 0 229.000000 23.000000 0 229.000000 24.000000 0 193.000000 54.000000 0 191.000000 54.000000 0 407.000000 65.000000 0 56.000000 463.000000 0 111.000000 465.000000 0 53.000000 464.000000 0 31.000000 471.000000
00053 10 0 212.000000 9.000000 0 229.000000 23.000000 0 229.000000 24.000000 0 230.000000 24.000000 0 230.000000 25.000000 0 407.000000 65.000000 0 41.000000 458.000000 0 113.000000 457.000000 0 53.000000 455.000000 0 53.000000 464.000000
00054 10 0 7.000000 504.000000 0 25.000000 500.000000 0 346.000000 168.000000 0 306.000000 168.000000 0 303.000000 168.000000 0 263.000000 168.000000 0 247.000000 169.000000 0 246.000000 169.000000 0 101.000000 169.000000 0 85.000000 169.000000
00055 10 0 9.000000 503.000000 0 7.000000 504.000000 0 274.000000 493.000000 0 212.000000 9.000000 0 303.000000 185.000000 0 319.000000 186.000000 0 289.000000 186.000000 0 301.000000 187.000000 0 299.000000 187.000000 0 288.000000 187.000000
00056 10 0 212.000000 9.000000 0 229.000000 23.000000 0 193.000000 54.000000 0 191.000000 54.000000 0 407.000000 65.000000 0 37.000000 460.000000 0 56.000000 464.000000 0 53.000000 464.000000 0 115.000000 463.000000 0 53.000000 468.000000
00057 10 0 411.000000 47.000000 0 409.000000 47.000000 0 403.000000 44.000000 0 471.000000 51.000000 0 294.000000 51.000000 0 195.000000 55.000000 0 193.000000 54.000000 0 191.000000 54.000000 0 115.000000 463.000000 0 53.000000 463.000000
00058 10 0 7.000000 504.000000 0 87.000000 497.000000 0 301.000000 191.000000 0 291.000000 191.000000 0 288.000000 191.000000 0 287.000000 191.000000 0 286.000000 191.000000 0 309.000000 192.000000 0 268.000000 192.000000 0 12.000000 185.000000
00059 10 0 85.000000 500.000000 0 403.000000 44.000000 0 402.000000 44.000000 0 7.000000 503.000000 0 411.000000 47.000000 0 409.000000 47.000000 0 411.000000 46.000000 0 190.000000 53.000000 0 471.000000 51.000000 0 294.000000 51.000000
00060 10 0 7.000000 504.000000 0 202.000000 4.000000 0 4.000000 505.000000 0 212.000000 9.000000 0 85.000000 501.000000 0 471.000000 51.000000 0 493.000000 195.000000 0 492.000000 195.000000 0 490.000000 195.000000 0 267.000000 197.000000
00061 10 0 7.000000 504.000000 0 411.000000 46.000000 0 7.000000 503.000000 0 471.000000 51.000000 0 294.000000 51.000000 0 327.000000 196.000000 0 326.000000 196.000000 0 313.000000 191.000000 0 301.000000 191.000000 0 291.000000 191.000000
00062 10 0 202.000000 4.000000 0 190.000000 53.000000 0 294.000000 51.000000 0 195.000000 55.000000 0 493.000000 59.000000 0 115.000000 463.000000 0 56.000000 463.000000 0 116.000000 462.000000 0 55.000000 464.000000 0 53.000000 464.000000
00063 10 0 195.000000 55.000000 0 190.000000 53.000000 0 493.000000 59.000000 0 407.000000 65.000000 0 115.000000 463.000000 0 55.000000 464.000000 0 53.000000 464.000000 0 30.000000 471.000000 0 31.000000 470.000000 0 74.000000 483.000000
00064 10 0 7.000000 504.000000 0 202.000000 4.000000 0 4.000000 505.000000 0 7.000000 502.000000 0 195.000000 55.000000 0 251.000000 212.000000 0 245.000000 212.000000 0 244.000000 212.000000 0 243.000000 212.000000 0 242.000000 212.000000
00065 10 0 227.000000 7.000000 0 228.000000 22.000000 0 229.000000 23.000000 0 7.000000 508.000000 0 229.000000 24.000000 0 493.000000 59.000000 0 55.000000 464.000000 0 54.000000 464.000000 0 53.000000 464.000000 0 115.000000 463.000000
00066 10 0 294.000000 51.000000 0 295.000000 50.000000 0 195.000000 55.000000 0 190.000000 53.000000 0 493.000000 59.000000 0 55.000000 464.000000 0 54.000000 464.000000 0 53.000000 464.000000 0 115.000000 463.000000 0 116.000000 462.000000
00067 10 0 227.000000 7.000000 0 295.000000 50.000000 0 411.000000 46.000000 0 190.000000 53.000000 0 493.000000 59.000000 0 465.000000 59.000000 0 195.000000 55.000000 0 53.000000 464.000000 0 114.000000 463.000000 0 113.000000 461.000000
00068 10 0 227.000000 7.000000 0 211.000000 8.000000 0 229.000000 23.000000 0 195.000000 55.000000 0 493.000000 59.000000 0 465.000000 59.000000 0 53.000000 465.000000 0 49.000000 465.000000 0 33.000000 465.000000 0 54.000000 464.000000
00069 10 0 202.000000 4.000000 0 227.000000 7.000000 0 411.000000 46.000000 0 295.000000 50.000000 0 190.000000 53.000000 0 493.000000 59.000000 0 465.000000 59.000000 0 54.000000 464.000000 0 53.000000 464.000000 0 115.000000 463.000000
00070 10 0 227.000000 7.000000 0 211.000000 8.000000 0 195.000000 55.000000 0 493.000000 59.000000 0 465.000000 59.000000 0 54.000000 464.000000 0 53.000000 464.000000 0 115.000000 463.000000 0 51.000000 468.000000 0 53.000000 465.000000
00071 10 0 227.000000 7.000000 0 211.000000 8.000000 0 211.000000 9.000000 0 228.000000 22.000000 0 229.000000 23.000000 0 229.000000 24.000000 0 493.000000 59.000000 0 465.000000 59.000000 0 499.000000 65.000000 0 53.000000 464.000000
00072 10 0 7.000000 502.000000 0 7.000000 503.000000 0 7.000000 504.000000 0 227.000000 7.000000 0 4.000000 505.000000 0 7.000000 501.000000 0 211.000000 8.000000 0 291.000000 486.000000 0 317.000000 171.000000 0 271.000000 171.000000
00073 10 0 227.000000 6.000000 0 227.000000 7.000000 0 411.000000 46.000000 0 403.000000 43.000000 0 189.000000 53.000000 0 294.000000 50.000000 0 493.000000 59.000000 0 53.000000 465.000000 0 31.000000 465.000000 0 53.000000 464.000000
00074 10 0 4.000000 505.000000 0 7.000000 502.000000 0 361.000000 171.000000 0 317.000000 171.000000 0 271.000000 171.000000 0 270.000000 171.000000 0 265.000000 171.000000 0 264.000000 171.000000 0 426.000000 169.000000 0 251.000000 171.000000
00075 10 0 27.000000 503.000000 0 201.000000 3.000000 0 227.000000 6.000000 0 403.000000 43.000000 0 189.000000 52.000000 0 294.000000 50.000000 0 411.000000 46.000000 0 189.000000 53.000000 0 53.000000 465.000000 0 31.000000 465.000000
00076 10 0 201.000000 3.000000 0 227.000000 6.000000 0 211.000000 8.000000 0 289.000000 8.000000 0 294.000000 50.000000 0 189.000000 53.000000 0 189.000000 52.000000 0 493.000000 59.000000 0 54.000000 464.000000 0 53.000000 464.000000
00077 10 0 201.000000 3.000000 0 411.000000 46.000000 0 403.000000 43.000000 0 189.000000 52.000000 0 294.000000 50.000000 0 189.000000 53.000000 0 493.000000 59.000000 0 51.000000 467.000000 0 53.000000 465.000000 0 53.000000 464.000000
00078 10 0 4.000000 505.000000 0 201.000000 3.000000 0 227.000000 7.000000 0 211.000000 8.000000 0 411.000000 46.000000 0 409.000000 46.000000 0 7.000000 501.000000 0 7.000000 502.000000 0 189.000000 53.000000 0 189.000000 52.000000
00079 10 0 201.000000 3.000000 0 227.000000 7.000000 0 211.000000 8.000000 0 228.000000 22.000000 0 228.000000 23.000000 0 189.000000 53.000000 0 189.000000 52.000000 0 493.000000 59.000000 0 465.000000 59.000000 0 39.000000 458.000000
00080 10 0 201.000000 3.000000 0 211.000000 8.000000 0 228.000000 22.000000 0 228.000000 23.000000 0 229.000000 24.000000 0 189.000000 53.000000 0 465.000000 59.000000 0 493.000000 59.000000 0 497.000000 69.000000 0 39.000000 458.000000
00081 10 0 7.000000 502.000000 0 201.000000 3.000000 0 211.000000 8.000000 0 194.000000 55.000000 0 189.000000 53.000000 0 465.000000 59.000000 0 493.000000 59.000000 0 4.000000 504.000000 0 39.000000 458.000000 0 54.000000 464.000000
00082 10 0 201.000000 3.000000 0 228.000000 22.000000 0 189.000000 53.000000 0 465.000000 59.000000 0 493.000000 59.000000 0 53.000000 464.000000 0 113.000000 460.000000 0 53.000000 465.000000 0 54.000000 464.000000 0 29.000000 471.000000
00083 10 0 4.000000 504.000000 0 201.000000 3.000000 0 409.000000 46.000000 0 403.000000 43.000000 0 4.000000 505.000000 0 189.000000 53.000000 0 189.000000 52.000000 0 407.000000 59.000000 0 39.000000 458.000000 0 53.000000 464.000000
00084 10 0 201.000000 3.000000 0 228.000000 22.000000 0 228.000000 23.000000 0 234.000000 33.000000 0 493.000000 59.000000 0 53.000000 464.000000 0 113.000000 460.000000 0 53.000000 465.000000 0 29.000000 471.000000 0 28.000000 471.000000
00085 10 0 4.000000 504.000000 0 201.000000 3.000000 0 409.000000 46.000000 0 4.000000 505.000000 0 263.000000 170.000000 0 262.000000 170.000000 0 250.000000 170.000000 0 425.000000 169.000000 0 424.000000 169.000000 0 423.000000 169.000000
00086 10 0 201.000000 3.000000 0 294.000000 49.000000 0 191.000000 53.000000 0 189.000000 53.000000 0 113.000000 460.000000 0 53.000000 465.000000 0 53.000000 464.000000 0 49.000000 470.000000 0 29.000000 471.000000 0 28.000000 471.000000
00087 10 0 201.000000 3.000000 0 227.000000 21.000000 0 228.000000 22.000000 0 228.000000 23.000000 0 191.000000 53.000000 0 35.000000 457.000000 0 53.000000 465.000000 0 53.000000 464.000000 0 49.000000 469.000000 0 53.000000 468.000000
00088 10 0 201.000000 3.000000 0 210.000000 7.000000 0 227.000000 21.000000 0 227.000000 22.000000 0 191.000000 53.000000 0 189.000000 53.000000 0 53.000000 465.000000 0 53.000000 464.000000 0 49.000000 469.000000 0 53.000000 468.000000
00089 10 0 201.000000 3.000000 0 411.000000 45.000000 0 293.000000 50.000000 0 523.000000 48.000000 0 193.000000 54.000000 0 191.000000 53.000000 0 189.000000 53.000000 0 53.000000 464.000000 0 53.000000 465.000000 0 27.000000 471.000000
00090 10 0 201.000000 3.000000 0 210.000000 7.000000 0 227.000000 21.000000 0 193.000000 54.000000 0 189.000000 53.000000 0 188.000000 52.000000 0 33.000000 460.000000 0 35.000000 457.000000 0 53.000000 464.000000 0 49.000000 469.000000
00091 10 0 201.000000 3.000000 0 210.000000 7.000000 0 293.000000 50.000000 0 294.000000 49.000000 0 523.000000 48.000000 0 193.000000 54.000000 0 189.000000 53.000000 0 188.000000 52.000000 0 53.000000 464.000000 0 33.000000 460.000000
00092 10 0 201.000000 3.000000 0 210.000000 7.000000 0 227.000000 21.000000 0 227.000000 22.000000 0 228.000000 22.000000 0 193.000000 54.000000 0 189.000000 53.000000 0 188.000000 52.000000 0 499.000000 64.000000 0 49.000000 463.000000
00093 10 0 201.000000 3.000000 0 210.000000 7.000000 0 411.000000 45.000000 0 293.000000 50.000000 0 294.000000 49.000000 0 293.000000 49.000000 0 193.000000 54.000000 0 188.000000 52.000000 0 53.000000 464.000000 0 49.000000 463.000000
00094 10 0 284.000000 35.000000 0 234.000000 33.000000 0 234.000000 32.000000 0 411.000000 45.000000 0 294.000000 49.000000 0 293.000000 49.000000 0 193.000000 53.000000 0 188.000000 52.000000 0 293.000000 50.000000 0 53.000000 464.000000
00095 10 0 200.000000 2.000000 0 210.000000 7.000000 0 227.000000 21.000000 0 227.000000 22.000000 0 228.000000 22.000000 0 293.000000 50.000000 0 294.000000 49.000000 0 293.000000 49.000000 0 193.000000 54.000000 0 193.000000 53.000000
00096 10 0 200.000000 2.000000 0 411.000000 45.000000 0 188.000000 52.000000 0 293.000000 50.000000 0 293.000000 49.000000 0 193.000000 54.000000 0 193.000000 53.000000 0 53.000000 464.000000 0 52.000000 464.000000 0 49.000000 469.000000
00097 10 0 200.000000 2.000000 0 210.000000 7.000000 0 227.000000 21.000000 0 227.000000 22.000000 0 228.000000 22.000000 0 228.000000 23.000000 0 188.000000 52.000000 0 293.000000 50.000000 0 193.000000 54.000000 0 499.000000 64.000000
00098 10 0 200.000000 2.000000 0 210.000000 7.000000 0 411.000000 45.000000 0 293.000000 50.000000 0 293.000000 49.000000 0 193.000000 54.000000 0 188.000000 52.000000 0 53.000000 464.000000 0 27.000000 471.000000 0 49.000000 469.000000
00099 10 0 200.000000 2.000000 0 210.000000 7.000000 0 471.000000 47.000000 0 411.000000 45.000000 0 293.000000 49.000000 0 193.000000 54.000000 0 188.000000 52.000000 0 35.000000 457.000000 0 33.000000 457.000000 0 51.000000 464.000000
00100 10 0 200.000000 2.000000 0 293.000000 49.000000 0 471.000000 47.000000 0 193.000000 54.000000 0 188.000000 52.000000 0 35.000000 457.000000 0 53.000000 464.000000 0 51.000000 464.000000 0 26.000000 471.000000 0 49.000000 469.000000
00101 10 0 200.000000 2.000000 0 293.000000 49.000000 0 471.000000 47.000000 0 188.000000 52.000000 0 193.000000 54.000000 0 35.000000 457.000000 0 33.000000 457.000000 0 37.000000 456.000000 0 51.000000 465.000000 0 53.000000 464.000000
00102 10 0 200.000000 2.000000 0 293.000000 49.000000 0 193.000000 54.000000 0 188.000000 52.000000 0 465.000000 58.000000 0 35.000000 457.000000 0 33.000000 457.000000 0 53.000000 464.000000 0 51.000000 464.000000 0 51.000000 465.000000
00103 10 0 200.000000 2.000000 0 227.000000 21.000000 0 227.000000 22.000000 0 465.000000 58.000000 0 505.000000 67.000000 0 37.000000 457.000000 0 35.000000 457.000000 0 33.000000 457.000000 0 37.000000 456.000000 0 53.000000 464.000000
00104 10 0 200.000000 2.000000 0 227.000000 21.000000 0 227.000000 22.000000 0 193.000000 54.000000 0 465.000000 58.000000 0 37.000000 457.000000 0 33.000000 457.000000 0 37.000000 456.000000 0 53.000000 464.000000 0 51.000000 464.000000
00105 10 0 200.000000 2.000000 0 409.000000 45.000000 0 411.000000 44.000000 0 403.000000 42.000000 0 293.000000 49.000000 0 471.000000 47.000000 0 193.000000 54.000000 0 187.000000 51.000000 0 473.000000 50.000000 0 33.000000 457.000000
00106 10 0 200.000000 2.000000 0 409.000000 45.000000 0 411.000000 44.000000 0 403.000000 42.000000 0 187.000000 51.000000 0 293.000000 49.000000 0 193.000000 54.000000 0 465.000000 58.000000 0 33.000000 457.000000 0 50.000000 465.000000
00107 10 0 225.000000 2.000000 0 7.000000 510.000000 0 225.000000 5.000000 0 209.000000 6.000000 0 209.000000 7.000000 0 409.000000 45.000000 0 411.000000 44.000000 0 403.000000 42.000000 0 187.000000 51.000000 0 293.000000 49.000000
00108 10 0 272.000000 494.000000 0 272.000000 495.000000 0 7.000000 510.000000 0 225.000000 2.000000 0 225.000000 5.000000 0 243.000000 211.000000 0 242.000000 211.000000 0 241.000000 211.000000 0 240.000000 211.000000 0 291.000000 211.000000
00109 10 0 272.000000 494.000000 0 272.000000 495.000000 0 225.000000 2.000000 0 7.000000 510.000000 0 225.000000 5.000000 0 13.000000 509.000000 0 403.000000 42.000000 0 408.000000 35.000000 0 67.000000 484.000000 0 409.000000 45.000000
00110 10 0 149.000000 205.000000 0 475.000000 204.000000 0 474.000000 204.000000 0 473.000000 204.000000 0 469.000000 205.000000 0 468.000000 205.000000 0 285.000000 205.000000 0 271.000000 205.000000 0 470.000000 204.000000 0 469.000000 204.000000
00111 10 0 199.000000 1.000000 0 7.000000 510.000000 0 225.000000 2.000000 0 225.000000 5.000000 0 209.000000 6.000000 0 209.000000 7.000000 0 293.000000 49.000000 0 293.000000 48.000000 0 187.000000 51.000000 0 51.000000 453.000000
00112 10 0 199.000000 1.000000 0 7.000000 510.000000 0 225.000000 2.000000 0 225.000000 5.000000 0 411.000000 44.000000 0 403.000000 42.000000 0 408.000000 35.000000 0 293.000000 49.000000 0 409.000000 45.000000 0 187.000000 51.000000
00113 10 0 17.000000 502.000000 0 199.000000 1.000000 0 253.000000 220.000000 0 477.000000 219.000000 0 476.000000 219.000000 0 281.000000 219.000000 0 280.000000 219.000000 0 251.000000 213.000000 0 249.000000 212.000000 0 243.000000 212.000000
00114 10 0 199.000000 1.000000 0 408.000000 35.000000 0 233.000000 32.000000 0 293.000000 48.000000 0 409.000000 45.000000 0 411.000000 44.000000 0 403.000000 42.000000 0 187.000000 51.000000 0 192.000000 53.000000 0 35.000000 459.000000
00115 10 0 199.000000 1.000000 0 225.000000 2.000000 0 7.000000 510.000000 0 225.000000 4.000000 0 7.000000 508.000000 0 225.000000 5.000000 0 209.000000 6.000000 0 293.000000 48.000000 0 409.000000 45.000000 0 411.000000 44.000000
00116 10 0 199.000000 1.000000 0 225.000000 2.000000 0 7.000000 510.000000 0 209.000000 6.000000 0 7.000000 508.000000 0 226.000000 20.000000 0 226.000000 21.000000 0 227.000000 21.000000 0 187.000000 51.000000 0 192.000000 53.000000
00117 10 0 199.000000 1.000000 0 225.000000 2.000000 0 7.000000 510.000000 0 209.000000 6.000000 0 187.000000 51.000000 0 192.000000 53.000000 0 495.000000 57.000000 0 35.000000 459.000000 0 33.000000 457.000000 0 30.000000 457.000000
00118 10 0 199.000000 1.000000 0 411.000000 44.000000 0 408.000000 35.000000 0 293.000000 48.000000 0 409.000000 45.000000 0 189.000000 51.000000 0 187.000000 51.000000 0 288.000000 50.000000 0 495.000000 57.000000 0 192.000000 53.000000
00119 10 0 7.000000 508.000000 0 199.000000 1.000000 0 7.000000 509.000000 0 293.000000 48.000000 0 17.000000 502.000000 0 271.000000 495.000000 0 411.000000 44.000000 0 189.000000 51.000000 0 187.000000 51.000000 0 246.000000 180.000000
00120 10 0 199.000000 1.000000 0 209.000000 6.000000 0 226.000000 20.000000 0 7.000000 509.000000 0 226.000000 21.000000 0 7.000000 508.000000 0 227.000000 21.000000 0 227.000000 22.000000 0 192.000000 53.000000 0 189.000000 51.000000
00121 10 0 199.000000 1.000000 0 209.000000 6.000000 0 226.000000 20.000000 0 226.000000 21.000000 0 7.000000 509.000000 0 227.000000 21.000000 0 7.000000 508.000000 0 227.000000 22.000000 0 465.000000 57.000000 0 495.000000 57.000000
00122 10 0 263.000000 169.000000 0 262.000000 169.000000 0 261.000000 169.000000 0 249.000000 169.000000 0 248.000000 169.000000 0 361.000000 168.000000 0 261.000000 168.000000 0 260.000000 168.000000 0 248.000000 168.000000 0 247.000000 168.000000
00123 10 0 17.000000 502.000000 0 199.000000 1.000000 0 7.000000 508.000000 0 411.000000 44.000000 0 403.000000 41.000000 0 271.000000 495.000000 0 473.000000 49.000000 0 292.000000 49.000000 0 293.000000 48.000000 0 192.000000 53.000000
00124 10 0 226.000000 20.000000 0 226.000000 21.000000 0 192.000000 53.000000 0 465.000000 57.000000 0 495.000000 57.000000 0 33.000000 457.000000 0 31.000000 457.000000 0 30.000000 457.000000 0 35.000000 456.000000 0 109.000000 460.000000
00125 10 0 226.000000 20.000000 0 226.000000 21.000000 0 227.000000 22.000000 0 233.000000 31.000000 0 7.000000 508.000000 0 495.000000 57.000000 0 465.000000 57.000000 0 30.000000 457.000000 0 35.000000 456.000000 0 29.000000 460.000000
00126 10 0 271.000000 495.000000 0 199.000000 1.000000 0 225.000000 20.000000 0 7.000000 508.000000 0 226.000000 20.000000 0 226.000000 21.000000 0 233.000000 31.000000 0 495.000000 57.000000 0 465.000000 57.000000 0 501.000000 63.000000
00127 10 0 225.000000 20.000000 0 5.000000 510.000000 0 226.000000 20.000000 0 7.000000 508.000000 0 226.000000 21.000000 0 233.000000 31.000000 0 495.000000 57.000000 0 47.000000 453.000000 0 33.000000 453.000000 0 33.000000 452.000000
00128 10 0 225.000000 19.000000 0 5.000000 510.000000 0 7.000000 508.000000 0 225.000000 20.000000 0 226.000000 20.000000 0 191.000000 53.000000 0 495.000000 57.000000 0 465.000000 57.000000 0 501.000000 63.000000 0 33.000000 453.000000
00129 10 0 271.000000 495.000000 0 65.000000 485.000000 0 5.000000 510.000000 0 67.000000 485.000000 0 7.000000 508.000000 0 67.000000 486.000000 0 23.000000 472.000000 0 24.000000 472.000000 0 45.000000 469.000000 0 49.000000 469.000000
00130 10 0 225.000000 19.000000 0 225.000000 20.000000 0 226.000000 20.000000 0 191.000000 53.000000 0 465.000000 57.000000 0 499.000000 63.000000 0 501.000000 63.000000 0 33.000000 457.000000 0 30.000000 457.000000 0 35.000000 456.000000
00131 10 0 186.000000 51.000000 0 186.000000 50.000000 0 292.000000 48.000000 0 191.000000 53.000000 0 465.000000 57.000000 0 35.000000 457.000000 0 33.000000 457.000000 0 31.000000 457.000000 0 30.000000 457.000000 0 29.000000 457.000000
00132 10 0 271.000000 495.000000 0 67.000000 484.000000 0 65.000000 485.000000 0 67.000000 485.000000 0 7.000000 508.000000 0 66.000000 486.000000 0 23.000000 472.000000 0 45.000000 469.000000 0 49.000000 469.000000 0 283.000000 33.000000
00133 10 0 293.000000 47.000000 0 186.000000 50.000000 0 473.000000 48.000000 0 292.000000 48.000000 0 191.000000 53.000000 0 191.000000 52.000000 0 186.000000 51.000000 0 29.000000 460.000000 0 33.000000 459.000000 0 35.000000 457.000000
00134 10 0 225.000000 19.000000 0 225.000000 20.000000 0 226.000000 20.000000 0 7.000000 508.000000 0 226.000000 21.000000 0 191.000000 53.000000 0 191.000000 52.000000 0 35.000000 457.000000 0 33.000000 457.000000 0 31.000000 457.000000
00135 10 0 208.000000 5.000000 0 287.000000 5.000000 0 292.000000 48.000000 0 191.000000 53.000000 0 191.000000 52.000000 0 465.000000 57.000000 0 33.000000 459.000000 0 35.000000 457.000000 0 33.000000 457.000000 0 30.000000 457.000000
00136 10 0 198.000000 0.000000 0 7.000000 508.000000 0 293.000000 47.000000 0 292.000000 48.000000 0 191.000000 53.000000 0 191.000000 52.000000 0 35.000000 456.000000 0 33.000000 459.000000 0 35.000000 457.000000 0 33.000000 457.000000
00137 10 0 15.000000 503.000000 0 287.000000 5.000000 0 7.000000 508.000000 0 4.000000 510.000000 0 292.000000 48.000000 0 191.000000 52.000000 0 148.000000 204.000000 0 147.000000 204.000000 0 476.000000 203.000000 0 475.000000 203.000000
00138 10 0 287.000000 5.000000 0 225.000000 19.000000 0 225.000000 20.000000 0 191.000000 53.000000 0 191.000000 52.000000 0 29.000000 460.000000 0 33.000000 459.000000 0 48.000000 465.000000 0 47.000000 465.000000 0 109.000000 460.000000
00139 10 0 293.000000 47.000000 0 292.000000 47.000000 0 185.000000 50.000000 0 292.000000 48.000000 0 48.000000 465.000000 0 109.000000 460.000000 0 33.000000 459.000000 0 23.000000 472.000000 0 22.000000 472.000000 0 49.000000 469.000000
00140 10 0 207.000000 5.000000 0 287.000000 5.000000 0 293.000000 47.000000 0 292.000000 47.000000 0 185.000000 50.000000 0 292.000000 48.000000 0 33.000000 459.000000 0 33.000000 457.000000 0 29.000000 457.000000 0 48.000000 465.000000
00141 10 0 207.000000 5.000000 0 287.000000 5.000000 0 293.000000 47.000000 0 185.000000 50.000000 0 185.000000 49.000000 0 473.000000 48.000000 0 33.000000 459.000000 0 33.000000 457.000000 0 33.000000 456.000000 0 48.000000 465.000000
00142 10 0 15.000000 503.000000 0 408.000000 35.000000 0 185.000000 50.000000 0 247.000000 210.000000 0 242.000000 210.000000 0 241.000000 210.000000 0 240.000000 210.000000 0 239.000000 210.000000 0 59.000000 210.000000 0 470.000000 205.000000
00143 10 0 271.000000 495.000000 0 207.000000 5.000000 0 287.000000 5.000000 0 225.000000 19.000000 0 4.000000 510.000000 0 185.000000 50.000000 0 47.000000 465.000000 0 107.000000 461.000000 0 63.000000 485.000000 0 48.000000 465.000000
00144 10 0 207.000000 5.000000 0 287.000000 5.000000 0 185.000000 50.000000 0 473.000000 47.000000 0 293.000000 47.000000 0 107.000000 461.000000 0 33.000000 459.000000 0 33.000000 457.000000 0 48.000000 465.000000 0 47.000000 465.000000
00145 10 0 207.000000 4.000000 0 207.000000 5.000000 0 293.000000 47.000000 0 185.000000 50.000000 0 33.000000 457.000000 0 30.000000 457.000000 0 47.000000 465.000000 0 107.000000 461.000000 0 29.000000 460.000000 0 33.000000 459.000000
00146 10 0 207.000000 5.000000 0 287.000000 5.000000 0 4.000000 510.000000 0 293.000000 47.000000 0 292.000000 47.000000 0 190.000000 52.000000 0 185.000000 50.000000 0 29.000000 460.000000 0 33.000000 459.000000 0 33.000000 457.000000
00147 10 0 292.000000 47.000000 0 185.000000 50.000000 0 25.000000 461.000000 0 29.000000 460.000000 0 33.000000 459.000000 0 47.000000 465.000000 0 45.000000 465.000000 0 43.000000 469.000000 0 21.000000 472.000000 0 358.000000 79.000000
00148 10 0 271.000000 495.000000 0 207.000000 4.000000 0 207.000000 5.000000 0 287.000000 5.000000 0 270.000000 496.000000 0 225.000000 19.000000 0 279.000000 215.000000 0 241.000000 210.000000 0 240.000000 210.000000 0 239.000000 210.000000
00149 10 0 403.000000 40.000000 0 292.000000 47.000000 0 190.000000 52.000000 0 187.000000 50.000000 0 185.000000 50.000000 0 107.000000 461.000000 0 25.000000 461.000000 0 29.000000 460.000000 0 47.000000 465.000000 0 21.000000 472.000000
00150 10 0 223.000000 3.000000 0 207.000000 4.000000 0 207.000000 5.000000 0 292.000000 47.000000 0 190.000000 52.000000 0 185.000000 50.000000 0 29.000000 460.000000 0 33.000000 457.000000 0 47.000000 465.000000 0 45.000000 465.000000
00151 10 0 13.000000 503.000000 0 197.000000 0.000000 0 223.000000 3.000000 0 207.000000 4.000000 0 207.000000 5.000000 0 225.000000 19.000000 0 225.000000 20.000000 0 225.000000 21.000000 0 190.000000 52.000000 0 271.000000 495.000000
00152 10 0 197.000000 0.000000 0 408.000000 34.000000 0 231.000000 30.000000 0 403.000000 40.000000 0 185.000000 50.000000 0 291.000000 48.000000 0 473.000000 47.000000 0 525.000000 46.000000 0 190.000000 52.000000 0 33.000000 457.000000
00153 10 0 197.000000 0.000000 0 7.000000 510.000000 0 223.000000 3.000000 0 207.000000 4.000000 0 207.000000 5.000000 0 291.000000 48.000000 0 473.000000 47.000000 0 190.000000 52.000000 0 185.000000 50.000000 0 287.000000 49.000000
00154 10 0 408.000000 34.000000 0 231.000000 30.000000 0 403.000000 40.000000 0 473.000000 47.000000 0 292.000000 47.000000 0 189.000000 51.000000 0 185.000000 50.000000 0 291.000000 48.000000 0 33.000000 457.000000 0 33.000000 456.000000
00155 10 0 197.000000 0.000000 0 223.000000 3.000000 0 7.000000 510.000000 0 207.000000 5.000000 0 403.000000 40.000000 0 292.000000 47.000000 0 291.000000 48.000000 0 473.000000 47.000000 0 189.000000 51.000000 0 33.000000 457.000000
00156 10 0 197.000000 0.000000 0 7.000000 510.000000 0 223.000000 3.000000 0 408.000000 34.000000 0 231.000000 30.000000 0 403.000000 40.000000 0 473.000000 47.000000 0 189.000000 51.000000 0 184.000000 49.000000 0 291.000000 48.000000
00157 10 0 270.000000 496.000000 0 197.000000 0.000000 0 7.000000 510.000000 0 223.000000 3.000000 0 403.000000 40.000000 0 408.000000 34.000000 0 13.000000 503.000000 0 63.000000 486.000000 0 64.000000 486.000000 0 184.000000 49.000000
00158 10 0 197.000000 0.000000 0 7.000000 510.000000 0 223.000000 3.000000 0 224.000000 18.000000 0 224.000000 19.000000 0 225.000000 19.000000 0 225.000000 20.000000 0 189.000000 51.000000 0 184.000000 49.000000 0 291.000000 48.000000
00159 10 0 197.000000 0.000000 0 7.000000 510.000000 0 223.000000 3.000000 0 403.000000 40.000000 0 291.000000 47.000000 0 189.000000 51.000000 0 184.000000 49.000000 0 291.000000 48.000000 0 29.000000 460.000000 0 33.000000 457.000000
00160 10 0 197.000000 0.000000 0 7.000000 510.000000 0 184.000000 49.000000 0 291.000000 47.000000 0 189.000000 51.000000 0 41.000000 455.000000 0 29.000000 460.000000 0 31.000000 457.000000 0 30.000000 457.000000 0 107.000000 461.000000
00161 10 0 197.000000 0.000000 0 7.000000 510.000000 0 291.000000 47.000000 0 184.000000 49.000000 0 189.000000 51.000000 0 33.000000 457.000000 0 31.000000 457.000000 0 30.000000 457.000000 0 29.000000 460.000000 0 45.000000 465.000000
00162 10 0 197.000000 0.000000 0 7.000000 510.000000 0 7.000000 509.000000 0 224.000000 18.000000 0 224.000000 19.000000 0 225.000000 19.000000 0 225.000000 20.000000 0 189.000000 51.000000 0 184.000000 49.000000 0 33.000000 457.000000
00163 10 0 197.000000 0.000000 0 7.000000 510.000000 0 184.000000 49.000000 0 287.000000 48.000000 0 291.000000 47.000000 0 189.000000 51.000000 0 25.000000 461.000000 0 29.000000 460.000000 0 30.000000 459.000000 0 27.000000 458.000000
00164 10 0 224.000000 18.000000 0 224.000000 19.000000 0 7.000000 510.000000 0 225.000000 20.000000 0 189.000000 51.000000 0 408.000000 61.000000 0 25.000000 461.000000 0 29.000000 460.000000 0 30.000000 459.000000 0 45.000000 465.000000
00165 10 0 224.000000 18.000000 0 224.000000 19.000000 0 7.000000 510.000000 0 225.000000 20.000000 0 408.000000 61.000000 0 29.000000 460.000000 0 30.000000 459.000000 0 27.000000 458.000000 0 45.000000 465.000000 0 25.000000 461.000000
00166 10 0 292.000000 46.000000 0 291.000000 46.000000 0 184.000000 49.000000 0 291.000000 47.000000 0 189.000000 51.000000 0 107.000000 461.000000 0 25.000000 461.000000 0 29.000000 460.000000 0 45.000000 465.000000 0 408.000000 61.000000
00167 10 0 270.000000 496.000000 0 63.000000 486.000000 0 7.000000 490.000000 0 7.000000 510.000000 0 7.000000 509.000000 0 270.000000 495.000000 0 634.000000 191.000000 0 279.000000 191.000000 0 496.000000 192.000000 0 495.000000 192.000000
00168 10 0 206.000000 4.000000 0 224.000000 18.000000 0 7.000000 510.000000 0 189.000000 51.000000 0 184.000000 49.000000 0 408.000000 61.000000 0 29.000000 460.000000 0 29.000000 459.000000 0 27.000000 458.000000 0 43.000000 466.000000
00169 10 0 7.000000 509.000000 0 5.000000 510.000000 0 7.000000 510.000000 0 184.000000 49.000000 0 270.000000 495.000000 0 270.000000 496.000000 0 291.000000 47.000000 0 292.000000 46.000000 0 291.000000 46.000000 0 189.000000 51.000000
00170 10 0 206.000000 3.000000 0 206.000000 4.000000 0 7.000000 510.000000 0 5.000000 510.000000 0 224.000000 18.000000 0 7.000000 509.000000 0 224.000000 19.000000 0 224.000000 20.000000 0 189.000000 51.000000 0 408.000000 61.000000
00171 10 0 222.000000 2.000000 0 206.000000 3.000000 0 7.000000 510.000000 0 5.000000 510.000000 0 7.000000 509.000000 0 206.000000 4.000000 0 291.000000 47.000000 0 291.000000 46.000000 0 475.000000 48.000000 0 189.000000 51.000000
00172 10 0 291.000000 47.000000 0 291.000000 46.000000 0 189.000000 51.000000 0 467.000000 55.000000 0 25.000000 461.000000 0 29.000000 460.000000 0 43.000000 466.000000 0 46.000000 465.000000 0 41.000000 470.000000 0 408.000000 61.000000
00173 10 0 222.000000 2.000000 0 189.000000 51.000000 0 467.000000 55.000000 0 408.000000 61.000000 0 25.000000 461.000000 0 29.000000 460.000000 0 30.000000 459.000000 0 43.000000 466.000000 0 45.000000 465.000000 0 19.000000 473.000000
00174 10 0 222.000000 2.000000 0 223.000000 18.000000 0 7.000000 510.000000 0 5.000000 510.000000 0 189.000000 51.000000 0 183.000000 48.000000 0 467.000000 55.000000 0 408.000000 61.000000 0 29.000000 460.000000 0 29.000000 459.000000
00175 10 0 222.000000 2.000000 0 223.000000 17.000000 0 7.000000 510.000000 0 5.000000 510.000000 0 7.000000 509.000000 0 223.000000 18.000000 0 224.000000 18.000000 0 189.000000 51.000000 0 183.000000 49.000000 0 467.000000 55.000000
00176 10 0 222.000000 2.000000 0 183.000000 48.000000 0 475.000000 47.000000 0 291.000000 46.000000 0 189.000000 51.000000 0 183.000000 49.000000 0 467.000000 55.000000 0 43.000000 466.000000 0 45.000000 465.000000 0 19.000000 473.000000
00177 10 0 269.000000 497.000000 0 222.000000 2.000000 0 223.000000 17.000000 0 7.000000 510.000000 0 5.000000 510.000000 0 7.000000 509.000000 0 222.000000 18.000000 0 223.000000 18.000000 0 189.000000 51.000000 0 467.000000 55.000000
00178 10 0 291.000000 46.000000 0 189.000000 51.000000 0 183.000000 49.000000 0 183.000000 48.000000 0 467.000000 55.000000 0 29.000000 460.000000 0 43.000000 466.000000 0 45.000000 465.000000 0 475.000000 74.000000 0 358.000000 77.000000
00179 10 0 269.000000 497.000000 0 222.000000 2.000000 0 60.000000 486.000000 0 7.000000 510.000000 0 5.000000 510.000000 0 4.000000 510.000000 0 7.000000 509.000000 0 476.000000 214.000000 0 261.000000 214.000000 0 248.000000 214.000000
00180 10 0 7.000000 508.000000 0 222.000000 2.000000 0 7.000000 509.000000 0 475.000000 47.000000 0 479.000000 197.000000 0 361.000000 197.000000 0 285.000000 197.000000 0 496.000000 192.000000 0 301.000000 192.000000 0 293.000000 192.000000
00181 10 0 205.000000 3.000000 0 286.000000 3.000000 0 7.000000 510.000000 0 5.000000 510.000000 0 4.000000 510.000000 0 7.000000 509.000000 0 291.000000 46.000000 0 183.000000 49.000000 0 183.000000 48.000000 0 475.000000 47.000000
00182 10 0 205.000000 3.000000 0 286.000000 3.000000 0 7.000000 510.000000 0 5.000000 510.000000 0 4.000000 510.000000 0 7.000000 509.000000 0 223.000000 17.000000 0 223.000000 18.000000 0 183.000000 49.000000 0 183.000000 48.000000
00183 10 0 222.000000 2.000000 0 205.000000 3.000000 0 7.000000 510.000000 0 5.000000 510.000000 0 4.000000 510.000000 0 7.000000 509.000000 0 183.000000 49.000000 0 183.000000 48.000000 0 290.000000 47.000000 0 188.000000 51.000000
00184 10 0 205.000000 3.000000 0 223.000000 17.000000 0 185.000000 49.000000 0 183.000000 49.000000 0 183.000000 48.000000 0 475.000000 47.000000 0 290.000000 47.000000 0 291.000000 46.000000 0 188.000000 51.000000 0 467.000000 55.000000
00185 10 0 205.000000 3.000000 0 475.000000 47.000000 0 290.000000 47.000000 0 188.000000 51.000000 0 183.000000 49.000000 0 183.000000 48.000000 0 467.000000 55.000000 0 43.000000 466.000000 0 41.000000 466.000000 0 39.000000 470.000000
00186 10 0 205.000000 2.000000 0 5.000000 510.000000 0 4.000000 510.000000 0 7.000000 509.000000 0 205.000000 3.000000 0 475.000000 47.000000 0 290.000000 47.000000 0 286.000000 47.000000 0 291.000000 45.000000 0 188.000000 51.000000
00187 10 0 205.000000 2.000000 0 205.000000 3.000000 0 403.000000 39.000000 0 290.000000 47.000000 0 286.000000 47.000000 0 291.000000 45.000000 0 188.000000 51.000000 0 185.000000 49.000000 0 467.000000 55.000000 0 43.000000 466.000000
00188 10 0 221.000000 1.000000 0 5.000000 510.000000 0 4.000000 510.000000 0 7.000000 509.000000 0 282.000000 507.000000 0 205.000000 2.000000 0 7.000000 506.000000 0 205.000000 3.000000 0 7.000000 505.000000 0 285.000000 3.000000
00189 10 0 269.000000 496.000000 0 221.000000 1.000000 0 5.000000 510.000000 0 4.000000 510.000000 0 282.000000 507.000000 0 205.000000 2.000000 0 7.000000 506.000000 0 7.000000 505.000000 0 205.000000 3.000000 0 285.000000 3.000000
00190 10 0 221.000000 1.000000 0 5.000000 510.000000 0 4.000000 510.000000 0 205.000000 2.000000 0 282.000000 507.000000 0 205.000000 3.000000 0 7.000000 506.000000 0 403.000000 39.000000 0 290.000000 47.000000 0 286.000000 47.000000
00191 10 0 221.000000 1.000000 0 5.000000 510.000000 0 4.000000 510.000000 0 282.000000 507.000000 0 205.000000 2.000000 0 205.000000 3.000000 0 403.000000 39.000000 0 286.000000 47.000000 0 290.000000 46.000000 0 291.000000 45.000000
00192 10 0 221.000000 1.000000 0 5.000000 510.000000 0 4.000000 510.000000 0 205.000000 2.000000 0 205.000000 3.000000 0 285.000000 3.000000 0 7.000000 506.000000 0 403.000000 39.000000 0 408.000000 32.000000 0 286.000000 47.000000
00193 10 0 221.000000 1.000000 0 5.000000 510.000000 0 4.000000 510.000000 0 205.000000 2.000000 0 205.000000 3.000000 0 285.000000 3.000000 0 7.000000 506.000000 0 7.000000 505.000000 0 403.000000 39.000000 0 182.000000 48.000000
00194 10 0 221.000000 1.000000 0 5.000000 510.000000 0 4.000000 510.000000 0 282.000000 507.000000 0 285.000000 3.000000 0 222.000000 17.000000 0 223.000000 17.000000 0 7.000000 506.000000 0 7.000000 505.000000 0 187.000000 50.000000
00195 10 0 221.000000 1.000000 0 5.000000 510.000000 0 4.000000 510.000000 0 282.000000 507.000000 0 182.000000 48.000000 0 475.000000 47.000000 0 286.000000 47.000000 0 290.000000 46.000000 0 291.000000 45.000000 0 290.000000 45.000000
00196 10 0 221.000000 1.000000 0 408.000000 32.000000 0 290.000000 46.000000 0 291.000000 45.000000 0 290.000000 45.000000 0 187.000000 50.000000 0 187.000000 49.000000 0 182.000000 48.000000 0 475.000000 47.000000 0 286.000000 47.000000
00197 10 0 221.000000 1.000000 0 285.000000 3.000000 0 5.000000 510.000000 0 4.000000 510.000000 0 282.000000 507.000000 0 222.000000 17.000000 0 223.000000 17.000000 0 187.000000 49.000000 0 182.000000 48.000000 0 475.000000 47.000000
00198 10 0 269.000000 496.000000 0 221.000000 0.000000 0 221.000000 1.000000 0 5.000000 510.000000 0 4.000000 510.000000 0 269.000000 497.000000 0 59.000000 487.000000 0 87.000000 148.000000 0 83.000000 148.000000 0 268.000000 150.000000
00199 10 0 269.000000 497.000000 0 221.000000 1.000000 0 5.000000 510.000000 0 4.000000 510.000000 0 222.000000 16.000000 0 222.000000 17.000000 0 7.000000 506.000000 0 223.000000 17.000000 0 7.000000 505.000000 0 7.000000 504.000000
00200 10 0 221.000000 1.000000 0 5.000000 510.000000 0 408.000000 32.000000 0 229.000000 29.000000 0 182.000000 48.000000 0 286.000000 47.000000 0 290.000000 46.000000 0 291.000000 45.000000 0 290.000000 45.000000 0 187.000000 50.000000
00201 10 0 221.000000 1.000000 0 5.000000 510.000000 0 4.000000 510.000000 0 222.000000 16.000000 0 222.000000 17.000000 0 223.000000 18.000000 0 187.000000 50.000000 0 182.000000 48.000000 0 39.000000 454.000000 0 25.000000 454.000000
00202 10 0 7.000000 504.000000 0 221.000000 1.000000 0 4.000000 510.000000 0 7.000000 505.000000 0 291.000000 45.000000 0 290.000000 45.000000 0 184.000000 48.000000 0 182.000000 48.000000 0 7.000000 506.000000 0 269.000000 496.000000
00203 10 0 221.000000 1.000000 0 4.000000 510.000000 0 291.000000 45.000000 0 290.000000 45.000000 0 184.000000 48.000000 0 182.000000 48.000000 0 286.000000 47.000000 0 290.000000 46.000000 0 41.000000 455.000000 0 25.000000 454.000000
00204 10 0 221.000000 1.000000 0 4.000000 510.000000 0 204.000000 2.000000 0 286.000000 47.000000 0 475.000000 46.000000 0 290.000000 45.000000 0 187.000000 50.000000 0 182.000000 48.000000 0 41.000000 466.000000 0 494.000000 78.000000
00205 10 0 204.000000 2.000000 0 4.000000 510.000000 0 290.000000 45.000000 0 187.000000 50.000000 0 27.000000 457.000000 0 25.000000 454.000000 0 21.000000 458.000000 0 41.000000 466.000000 0 97.000000 462.000000 0 21.000000 462.000000
00206 10 0 204.000000 2.000000 0 181.000000 47.000000 0 290.000000 45.000000 0 187.000000 50.000000 0 182.000000 48.000000 0 25.000000 461.000000 0 25.000000 460.000000 0 27.000000 457.000000 0 41.000000 466.000000 0 37.000000 470.000000
00207 10 0 204.000000 2.000000 0 221.000000 16.000000 0 222.000000 16.000000 0 222.000000 17.000000 0 4.000000 506.000000 0 7.000000 505.000000 0 4.000000 505.000000 0 181.000000 47.000000 0 187.000000 50.000000 0 408.000000 60.000000
00208 10 0 7.000000 504.000000 0 204.000000 2.000000 0 4.000000 505.000000 0 408.000000 32.000000 0 7.000000 505.000000 0 181.000000 47.000000 0 290.000000 45.000000 0 187.000000 50.000000 0 4.000000 506.000000 0 27.000000 453.000000
00209 10 0 7.000000 504.000000 0 4.000000 505.000000 0 7.000000 505.000000 0 4.000000 510.000000 0 59.000000 487.000000 0 287.000000 489.000000 0 268.000000 497.000000 0 290.000000 45.000000 0 58.000000 487.000000 0 350.000000 160.000000
00210 10 0 221.000000 16.000000 0 222.000000 16.000000 0 4.000000 510.000000 0 181.000000 47.000000 0 475.000000 45.000000 0 290.000000 45.000000 0 467.000000 54.000000 0 27.000000 458.000000 0 25.000000 458.000000 0 25.000000 460.000000
00211 10 0 221.000000 16.000000 0 222.000000 16.000000 0 181.000000 47.000000 0 290.000000 45.000000 0 186.000000 49.000000 0 467.000000 54.000000 0 25.000000 461.000000 0 25.000000 460.000000 0 30.000000 458.000000 0 41.000000 466.000000
00212 10 0 221.000000 16.000000 0 222.000000 16.000000 0 467.000000 54.000000 0 25.000000 461.000000 0 25.000000 460.000000 0 25.000000 458.000000 0 41.000000 466.000000 0 101.000000 463.000000 0 39.000000 467.000000 0 15.000000 473.000000
00213 10 0 181.000000 47.000000 0 290.000000 45.000000 0 41.000000 466.000000 0 39.000000 467.000000 0 358.000000 76.000000 0 356.000000 78.000000 0 359.000000 77.000000 0 358.000000 77.000000 0 357.000000 77.000000 0 360.000000 79.000000
00214 10 0 220.000000 0.000000 0 221.000000 16.000000 0 222.000000 16.000000 0 181.000000 47.000000 0 290.000000 45.000000 0 467.000000 54.000000 0 25.000000 461.000000 0 39.000000 467.000000 0 41.000000 466.000000 0 358.000000 77.000000
00215 10 0 220.000000 0.000000 0 221.000000 16.000000 0 222.000000 16.000000 0 222.000000 17.000000 0 467.000000 54.000000 0 21.000000 459.000000 0 30.000000 458.000000 0 25.000000 458.000000 0 41.000000 466.000000 0 19.000000 462.000000
00216 10 0 220.000000 0.000000 0 403.000000 38.000000 0 181.000000 47.000000 0 475.000000 45.000000 0 467.000000 54.000000 0 29.000000 459.000000 0 21.000000 459.000000 0 39.000000 467.000000 0 41.000000 466.000000 0 29.000000 462.000000
00217 10 0 221.000000 16.000000 0 186.000000 49.000000 0 181.000000 47.000000 0 467.000000 54.000000 0 25.000000 458.000000 0 41.000000 455.000000 0 27.000000 453.000000 0 21.000000 459.000000 0 39.000000 467.000000 0 38.000000 467.000000
00218 10 0 220.000000 0.000000 0 203.000000 1.000000 0 203.000000 2.000000 0 475.000000 45.000000 0 186.000000 49.000000 0 181.000000 47.000000 0 41.000000 455.000000 0 27.000000 453.000000 0 31.000000 450.000000 0 21.000000 459.000000
00219 10 0 203.000000 1.000000 0 221.000000 15.000000 0 221.000000 16.000000 0 222.000000 17.000000 0 222.000000 18.000000 0 509.000000 63.000000 0 41.000000 455.000000 0 26.000000 453.000000 0 27.000000 452.000000 0 21.000000 459.000000
00220 10 0 203.000000 1.000000 0 221.000000 15.000000 0 221.000000 16.000000 0 4.000000 507.000000 0 222.000000 17.000000 0 4.000000 506.000000 0 4.000000 505.000000 0 222.000000 18.000000 0 509.000000 63.000000 0 37.000000 455.000000
00221 10 0 203.000000 1.000000 0 221.000000 16.000000 0 221.000000 17.000000 0 222.000000 17.000000 0 4.000000 507.000000 0 509.000000 63.000000 0 27.000000 453.000000 0 26.000000 453.000000 0 25.000000 453.000000 0 29.000000 452.000000
00222 10 0 203.000000 1.000000 0 221.000000 15.000000 0 221.000000 16.000000 0 186.000000 49.000000 0 509.000000 63.000000 0 21.000000 459.000000 0 25.000000 458.000000 0 23.000000 458.000000 0 23.000000 461.000000 0 39.000000 467.000000
00223 10 0 203.000000 1.000000 0 289.000000 45.000000 0 290.000000 44.000000 0 403.000000 38.000000 0 186.000000 49.000000 0 475.000000 45.000000 0 21.000000 459.000000 0 25.000000 458.000000 0 23.000000 458.000000 0 23.000000 461.000000
00224 10 0 4.000000 505.000000 0 203.000000 1.000000 0 180.000000 47.000000 0 285.000000 46.000000 0 4.000000 506.000000 0 289.000000 45.000000 0 290.000000 44.000000 0 4.000000 507.000000 0 268.000000 497.000000 0 408.000000 59.000000
00225 10 0 203.000000 1.000000 0 221.000000 15.000000 0 221.000000 16.000000 0 4.000000 507.000000 0 4.000000 506.000000 0 4.000000 505.000000 0 221.000000 17.000000 0 222.000000 17.000000 0 222.000000 18.000000 0 408.000000 59.000000
00226 10 0 203.000000 1.000000 0 221.000000 15.000000 0 185.000000 49.000000 0 408.000000 59.000000 0 39.000000 467.000000 0 35.000000 471.000000 0 13.000000 474.000000 0 12.000000 474.000000 0 513.000000 67.000000 0 435.000000 70.000000
00227 10 0 203.000000 1.000000 0 185.000000 49.000000 0 180.000000 47.000000 0 285.000000 46.000000 0 475.000000 45.000000 0 186.000000 49.000000 0 408.000000 59.000000 0 23.000000 461.000000 0 29.000000 460.000000 0 21.000000 459.000000
00228 10 0 203.000000 1.000000 0 475.000000 45.000000 0 289.000000 45.000000 0 290.000000 44.000000 0 289.000000 44.000000 0 185.000000 49.000000 0 180.000000 47.000000 0 285.000000 46.000000 0 408.000000 59.000000 0 95.000000 463.000000
00229 10 0 203.000000 1.000000 0 285.000000 46.000000 0 289.000000 45.000000 0 290.000000 44.000000 0 289.000000 44.000000 0 185.000000 49.000000 0 180.000000 47.000000 0 23.000000 461.000000 0 29.000000 460.000000 0 38.000000 467.000000
00230 10 0 203.000000 1.000000 0 220.000000 15.000000 0 221.000000 15.000000 0 185.000000 49.000000 0 408.000000 59.000000 0 19.000000 459.000000 0 23.000000 458.000000 0 25.000000 457.000000 0 23.000000 461.000000 0 67.000000 460.000000
00231 10 0 203.000000 1.000000 0 289.000000 45.000000 0 290.000000 44.000000 0 289.000000 44.000000 0 185.000000 49.000000 0 180.000000 47.000000 0 285.000000 46.000000 0 23.000000 458.000000 0 25.000000 457.000000 0 23.000000 461.000000
00232 10 0 220.000000 15.000000 0 221.000000 15.000000 0 221.000000 16.000000 0 221.000000 17.000000 0 185.000000 49.000000 0 180.000000 47.000000 0 285.000000 46.000000 0 408.000000 59.000000 0 23.000000 458.000000 0 25.000000 457.000000
00233 10 0 180.000000 47.000000 0 289.000000 45.000000 0 289.000000 44.000000 0 185.000000 49.000000 0 185.000000 48.000000 0 67.000000 460.000000 0 21.000000 459.000000 0 19.000000 459.000000 0 23.000000 458.000000 0 23.000000 461.000000
00234 10 0 284.000000 1.000000 0 220.000000 15.000000 0 221.000000 15.000000 0 221.000000 16.000000 0 180.000000 47.000000 0 185.000000 49.000000 0 23.000000 461.000000 0 67.000000 460.000000 0 19.000000 459.000000 0 23.000000 458.000000
00235 10 0 243.000000 180.000000 0 242.000000 180.000000 0 389.000000 181.000000 0 325.000000 181.000000 0 276.000000 181.000000 0 489.000000 179.000000 0 487.000000 179.000000 0 355.000000 179.000000 0 354.000000 179.000000 0 329.000000 179.000000
00236 10 0 267.000000 498.000000 0 4.000000 505.000000 0 55.000000 488.000000 0 57.000000 488.000000 0 403.000000 37.000000 0 268.000000 497.000000 0 180.000000 47.000000 0 54.000000 487.000000 0 227.000000 27.000000 0 289.000000 44.000000
00237 10 0 4.000000 505.000000 0 268.000000 497.000000 0 284.000000 1.000000 0 220.000000 15.000000 0 221.000000 15.000000 0 221.000000 16.000000 0 221.000000 17.000000 0 267.000000 498.000000 0 54.000000 487.000000 0 55.000000 487.000000
00238 10 0 202.000000 1.000000 0 284.000000 1.000000 0 179.000000 46.000000 0 289.000000 44.000000 0 290.000000 43.000000 0 185.000000 49.000000 0 19.000000 459.000000 0 18.000000 459.000000 0 23.000000 458.000000 0 21.000000 461.000000
00239 10 0 4.000000 505.000000 0 55.000000 488.000000 0 202.000000 1.000000 0 284.000000 1.000000 0 267.000000 498.000000 0 289.000000 44.000000 0 11.000000 474.000000 0 290.000000 43.000000 0 185.000000 49.000000 0 409.000000 30.000000
00240 10 0 202.000000 1.000000 0 284.000000 1.000000 0 179.000000 46.000000 0 289.000000 44.000000 0 290.000000 43.000000 0 289.000000 43.000000 0 19.000000 459.000000 0 17.000000 459.000000 0 23.000000 458.000000 0 21.000000 461.000000
00241 10 0 220.000000 15.000000 0 221.000000 16.000000 0 221.000000 17.000000 0 435.000000 69.000000 0 482.000000 71.000000 0 19.000000 459.000000 0 17.000000 459.000000 0 23.000000 458.000000 0 21.000000 461.000000 0 67.000000 460.000000
00242 10 0 202.000000 1.000000 0 220.000000 15.000000 0 220.000000 16.000000 0 221.000000 16.000000 0 221.000000 17.000000 0 179.000000 46.000000 0 469.000000 53.000000 0 505.000000 59.000000 0 33.000000 457.000000 0 67.000000 460.000000
00243 10 0 4.000000 505.000000 0 220.000000 15.000000 0 220.000000 16.000000 0 221.000000 16.000000 0 221.000000 17.000000 0 505.000000 59.000000 0 23.000000 459.000000 0 19.000000 459.000000 0 17.000000 459.000000 0 23.000000 458.000000
00244 10 0 220.000000 15.000000 0 179.000000 46.000000 0 289.000000 44.000000 0 505.000000 59.000000 0 23.000000 459.000000 0 21.000000 459.000000 0 19.000000 459.000000 0 17.000000 459.000000 0 23.000000 458.000000 0 21.000000 461.000000
00245 10 0 220.000000 15.000000 0 220.000000 16.000000 0 221.000000 16.000000 0 221.000000 17.000000 0 227.000000 26.000000 0 227.000000 27.000000 0 505.000000 59.000000 0 23.000000 458.000000 0 33.000000 457.000000 0 21.000000 461.000000
00246 10 0 7.000000 504.000000 0 220.000000 15.000000 0 220.000000 16.000000 0 221.000000 16.000000 0 221.000000 17.000000 0 267.000000 497.000000 0 505.000000 59.000000 0 21.000000 461.000000 0 23.000000 459.000000 0 21.000000 459.000000
00247 10 0 219.000000 14.000000 0 181.000000 46.000000 0 179.000000 46.000000 0 505.000000 59.000000 0 23.000000 459.000000 0 21.000000 459.000000 0 17.000000 459.000000 0 21.000000 461.000000 0 37.000000 467.000000 0 36.000000 467.000000
00248 10 0 7.000000 504.000000 0 219.000000 14.000000 0 220.000000 15.000000 0 220.000000 16.000000 0 310.000000 201.000000 0 303.000000 201.000000 0 141.000000 202.000000 0 140.000000 202.000000 0 139.000000 202.000000 0 477.000000 201.000000
00249 10 0 219.000000 14.000000 0 220.000000 15.000000 0 220.000000 16.000000 0 505.000000 59.000000 0 504.000000 59.000000 0 21.000000 461.000000 0 21.000000 459.000000 0 17.000000 459.000000 0 35.000000 467.000000 0 93.000000 463.000000
00250 10 0 219.000000 14.000000 0 220.000000 15.000000 0 220.000000 16.000000 0 227.000000 26.000000 0 505.000000 59.000000 0 33.000000 457.000000 0 19.000000 455.000000 0 25.000000 453.000000 0 24.000000 453.000000 0 21.000000 461.000000
00251 10 0 409.000000 30.000000 0 408.000000 30.000000 0 289.000000 43.000000 0 184.000000 48.000000 0 181.000000 46.000000 0 179.000000 46.000000 0 21.000000 461.000000 0 21.000000 459.000000 0 17.000000 459.000000 0 23.000000 458.000000
00252 10 0 412.000000 39.000000 0 179.000000 46.000000 0 477.000000 45.000000 0 289.000000 43.000000 0 181.000000 46.000000 0 21.000000 461.000000 0 17.000000 459.000000 0 23.000000 458.000000 0 35.000000 467.000000 0 33.000000 467.000000
00253 10 0 284.000000 45.000000 0 289.000000 43.000000 0 181.000000 46.000000 0 179.000000 46.000000 0 21.000000 459.000000 0 17.000000 459.000000 0 15.000000 463.000000 0 21.000000 461.000000 0 19.000000 461.000000 0 36.000000 467.000000
00254 10 0 288.000000 44.000000 0 289.000000 43.000000 0 181.000000 46.000000 0 179.000000 46.000000 0 284.000000 45.000000 0 178.000000 45.000000 0 17.000000 459.000000 0 21.000000 458.000000 0 15.000000 463.000000 0 21.000000 461.000000
00255 10 0 201.000000 0.000000 0 288.000000 44.000000 0 289.000000 43.000000 0 181.000000 46.000000 0 179.000000 46.000000 0 284.000000 45.000000 0 178.000000 45.000000 0 184.000000 48.000000 0 19.000000 461.000000 0 21.000000 459.000000
00256 10 0 201.000000 0.000000 0 219.000000 14.000000 0 184.000000 48.000000 0 181.000000 46.000000 0 284.000000 45.000000 0 178.000000 45.000000 0 29.000000 460.000000 0 17.000000 459.000000 0 15.000000 459.000000 0 21.000000 458.000000
00257 10 0 201.000000 0.000000 0 288.000000 44.000000 0 289.000000 43.000000 0 181.000000 46.000000 0 284.000000 45.000000 0 178.000000 45.000000 0 29.000000 460.000000 0 17.000000 459.000000 0 21.000000 458.000000 0 30.000000 457.000000
00258 10 0 7.000000 504.000000 0 201.000000 0.000000 0 219.000000 14.000000 0 219.000000 15.000000 0 220.000000 15.000000 0 178.000000 45.000000 0 255.000000 219.000000 0 254.000000 219.000000 0 247.000000 219.000000 0 246.000000 219.000000
00259 10 0 201.000000 0.000000 0 219.000000 14.000000 0 219.000000 15.000000 0 178.000000 45.000000 0 288.000000 44.000000 0 21.000000 458.000000 0 19.000000 461.000000 0 29.000000 460.000000 0 19.000000 459.000000 0 35.000000 467.000000
00260 10 0 201.000000 0.000000 0 219.000000 14.000000 0 219.000000 15.000000 0 220.000000 15.000000 0 220.000000 16.000000 0 178.000000 45.000000 0 19.000000 455.000000 0 21.000000 454.000000 0 19.000000 459.000000 0 30.000000 457.000000
00261 10 0 7.000000 505.000000 0 201.000000 0.000000 0 288.000000 44.000000 0 288.000000 43.000000 0 183.000000 47.000000 0 178.000000 45.000000 0 266.000000 499.000000 0 19.000000 459.000000 0 235.000000 207.000000 0 47.000000 207.000000
00262 10 0 7.000000 503.000000 0 54.000000 488.000000 0 219.000000 14.000000 0 266.000000 499.000000 0 52.000000 488.000000 0 219.000000 15.000000 0 220.000000 16.000000 0 226.000000 25.000000 0 53.000000 488.000000 0 9.000000 474.000000
00263 10 0 7.000000 503.000000 0 7.000000 504.000000 0 219.000000 14.000000 0 266.000000 499.000000 0 288.000000 43.000000 0 52.000000 488.000000 0 183.000000 47.000000 0 53.000000 488.000000 0 9.000000 474.000000 0 178.000000 45.000000
00264 10 0 178.000000 45.000000 0 477.000000 44.000000 0 289.000000 43.000000 0 288.000000 43.000000 0 183.000000 47.000000 0 19.000000 461.000000 0 29.000000 460.000000 0 19.000000 459.000000 0 35.000000 467.000000 0 23.000000 463.000000
00265 10 0 7.000000 503.000000 0 219.000000 14.000000 0 219.000000 15.000000 0 220.000000 16.000000 0 235.000000 208.000000 0 234.000000 208.000000 0 233.000000 208.000000 0 474.000000 207.000000 0 235.000000 209.000000 0 234.000000 209.000000
00266 10 0 219.000000 14.000000 0 288.000000 43.000000 0 183.000000 47.000000 0 19.000000 461.000000 0 29.000000 460.000000 0 21.000000 459.000000 0 19.000000 459.000000 0 35.000000 467.000000 0 31.000000 471.000000 0 358.000000 75.000000
00267 10 0 219.000000 14.000000 0 219.000000 15.000000 0 220.000000 16.000000 0 499.000000 52.000000 0 19.000000 461.000000 0 29.000000 460.000000 0 21.000000 459.000000 0 19.000000 459.000000 0 35.000000 467.000000 0 33.000000 467.000000
00268 10 0 219.000000 14.000000 0 183.000000 47.000000 0 499.000000 52.000000 0 95.000000 461.000000 0 19.000000 461.000000 0 21.000000 459.000000 0 35.000000 467.000000 0 33.000000 467.000000 0 33.000000 468.000000 0 31.000000 472.000000
00269 10 0 219.000000 14.000000 0 219.000000 15.000000 0 226.000000 25.000000 0 499.000000 52.000000 0 21.000000 459.000000 0 19.000000 459.000000 0 19.000000 461.000000 0 35.000000 467.000000 0 358.000000 75.000000 0 357.000000 75.000000
00270 10 0 288.000000 43.000000 0 289.000000 42.000000 0 475.000000 41.000000 0 183.000000 47.000000 0 177.000000 45.000000 0 499.000000 52.000000 0 469.000000 52.000000 0 21.000000 459.000000 0 19.000000 459.000000 0 35.000000 467.000000
00271 10 0 289.000000 42.000000 0 475.000000 41.000000 0 177.000000 45.000000 0 288.000000 43.000000 0 499.000000 52.000000 0 469.000000 52.000000 0 19.000000 461.000000 0 21.000000 459.000000 0 19.000000 459.000000 0 33.000000 468.000000
00272 10 0 218.000000 13.000000 0 219.000000 14.000000 0 219.000000 15.000000 0 226.000000 25.000000 0 499.000000 52.000000 0 19.000000 461.000000 0 21.000000 459.000000 0 19.000000 459.000000 0 35.000000 467.000000 0 97.000000 463.000000
00273 10 0 218.000000 13.000000 0 219.000000 14.000000 0 219.000000 15.000000 0 183.000000 47.000000 0 499.000000 52.000000 0 30.000000 457.000000 0 17.000000 455.000000 0 19.000000 461.000000 0 15.000000 460.000000 0 19.000000 459.000000
00274 10 0 218.000000 13.000000 0 219.000000 14.000000 0 177.000000 45.000000 0 288.000000 43.000000 0 499.000000 52.000000 0 19.000000 459.000000 0 30.000000 457.000000 0 17.000000 455.000000 0 19.000000 461.000000 0 15.000000 460.000000
00275 10 0 218.000000 13.000000 0 218.000000 14.000000 0 177.000000 45.000000 0 499.000000 52.000000 0 469.000000 52.000000 0 17.000000 455.000000 0 21.000000 454.000000 0 19.000000 454.000000 0 29.000000 460.000000 0 15.000000 460.000000
00276 10 0 289.000000 42.000000 0 177.000000 45.000000 0 477.000000 44.000000 0 499.000000 52.000000 0 469.000000 52.000000 0 17.000000 455.000000 0 21.000000 454.000000 0 20.000000 454.000000 0 19.000000 454.000000 0 23.000000 453.000000
00277 10 0 177.000000 45.000000 0 477.000000 44.000000 0 177.000000 44.000000 0 469.000000 52.000000 0 29.000000 460.000000 0 15.000000 460.000000 0 30.000000 459.000000 0 35.000000 467.000000 0 33.000000 468.000000 0 32.000000 468.000000
00278 10 0 288.000000 42.000000 0 177.000000 45.000000 0 477.000000 44.000000 0 177.000000 44.000000 0 469.000000 52.000000 0 15.000000 460.000000 0 30.000000 459.000000 0 19.000000 459.000000 0 17.000000 459.000000 0 30.000000 457.000000
00279 10 0 288.000000 42.000000 0 177.000000 45.000000 0 30.000000 459.000000 0 19.000000 459.000000 0 17.000000 459.000000 0 30.000000 457.000000 0 29.000000 460.000000 0 15.000000 460.000000 0 33.000000 468.000000 0 35.000000 467.000000
00280 10 0 218.000000 13.000000 0 279.000000 509.000000 0 218.000000 14.000000 0 219.000000 14.000000 0 219.000000 15.000000 0 511.000000 61.000000 0 31.000000 455.000000 0 21.000000 454.000000 0 20.000000 454.000000 0 19.000000 454.000000
00281 10 0 288.000000 42.000000 0 179.000000 45.000000 0 177.000000 45.000000 0 29.000000 460.000000 0 19.000000 459.000000 0 32.000000 468.000000 0 31.000000 468.000000 0 35.000000 467.000000 0 33.000000 472.000000 0 33.000000 468.000000
00282 10 0 7.000000 503.000000 0 218.000000 13.000000 0 279.000000 509.000000 0 4.000000 505.000000 0 285.000000 491.000000 0 179.000000 45.000000 0 177.000000 45.000000 0 266.000000 498.000000 0 266.000000 499.000000 0 7.000000 475.000000
00283 10 0 218.000000 13.000000 0 279.000000 509.000000 0 218.000000 14.000000 0 219.000000 15.000000 0 515.000000 65.000000 0 497.000000 71.000000 0 18.000000 459.000000 0 17.000000 459.000000 0 30.000000 457.000000 0 31.000000 456.000000
00284 10 0 179.000000 45.000000 0 177.000000 45.000000 0 477.000000 43.000000 0 182.000000 47.000000 0 19.000000 459.000000 0 18.000000 459.000000 0 17.000000 459.000000 0 30.000000 457.000000 0 29.000000 460.000000 0 32.000000 468.000000
00285 10 0 218.000000 13.000000 0 279.000000 509.000000 0 218.000000 14.000000 0 218.000000 15.000000 0 219.000000 15.000000 0 225.000000 25.000000 0 277.000000 27.000000 0 515.000000 65.000000 0 497.000000 71.000000 0 358.000000 75.000000
00286 10 0 218.000000 13.000000 0 218.000000 14.000000 0 279.000000 509.000000 0 218.000000 15.000000 0 219.000000 15.000000 0 469.000000 51.000000 0 17.000000 459.000000 0 30.000000 457.000000 0 29.000000 460.000000 0 19.000000 459.000000
00287 10 0 233.000000 5.000000 0 217.000000 13.000000 0 279.000000 509.000000 0 218.000000 13.000000 0 218.000000 14.000000 0 4.000000 506.000000 0 218.000000 15.000000 0 4.000000 505.000000 0 469.000000 51.000000 0 20.000000 454.000000
00288 10 0 217.000000 13.000000 0 218.000000 13.000000 0 218.000000 14.000000 0 218.000000 15.000000 0 219.000000 15.000000 0 225.000000 25.000000 0 4.000000 506.000000 0 469.000000 51.000000 0 20.000000 454.000000 0 19.000000 454.000000
00289 10 0 4.000000 505.000000 0 4.000000 506.000000 0 285.000000 491.000000 0 477.000000 43.000000 0 287.000000 43.000000 0 265.000000 499.000000 0 287.000000 42.000000 0 49.000000 488.000000 0 179.000000 45.000000 0 49.000000 489.000000
00290 10 0 265.000000 499.000000 0 4.000000 505.000000 0 217.000000 12.000000 0 251.000000 200.000000 0 137.000000 200.000000 0 238.000000 201.000000 0 237.000000 201.000000 0 137.000000 201.000000 0 136.000000 201.000000 0 41.000000 201.000000
00291 10 0 477.000000 43.000000 0 287.000000 43.000000 0 287.000000 42.000000 0 181.000000 46.000000 0 179.000000 45.000000 0 176.000000 44.000000 0 469.000000 51.000000 0 19.000000 454.000000 0 21.000000 453.000000 0 13.000000 460.000000
00292 10 0 181.000000 46.000000 0 176.000000 44.000000 0 477.000000 43.000000 0 287.000000 43.000000 0 287.000000 42.000000 0 469.000000 51.000000 0 13.000000 460.000000 0 18.000000 459.000000 0 17.000000 459.000000 0 97.000000 466.000000
00293 10 0 217.000000 12.000000 0 217.000000 13.000000 0 218.000000 13.000000 0 218.000000 14.000000 0 218.000000 15.000000 0 469.000000 51.000000 0 515.000000 65.000000 0 525.000000 63.000000 0 19.000000 454.000000 0 21.000000 453.000000
00294 10 0 217.000000 12.000000 0 217.000000 13.000000 0 218.000000 13.000000 0 218.000000 14.000000 0 218.000000 15.000000 0 469.000000 51.000000 0 19.000000 454.000000 0 21.000000 453.000000 0 23.000000 451.000000 0 21.000000 451.000000
00295 10 0 217.000000 12.000000 0 217.000000 13.000000 0 218.000000 13.000000 0 181.000000 46.000000 0 469.000000 51.000000 0 13.000000 460.000000 0 17.000000 459.000000 0 37.000000 455.000000 0 31.000000 468.000000 0 30.000000 468.000000
00296 10 0 217.000000 12.000000 0 181.000000 46.000000 0 176.000000 44.000000 0 477.000000 43.000000 0 469.000000 51.000000 0 13.000000 460.000000 0 17.000000 459.000000 0 95.000000 463.000000 0 7.000000 469.000000 0 31.000000 468.000000
00297 10 0 217.000000 12.000000 0 217.000000 13.000000 0 218.000000 13.000000 0 218.000000 14.000000 0 224.000000 24.000000 0 469.000000 51.000000 0 506.000000 57.000000 0 525.000000 63.000000 0 31.000000 455.000000 0 19.000000 454.000000
00298 10 0 287.000000 42.000000 0 288.000000 41.000000 0 287.000000 41.000000 0 181.000000 46.000000 0 176.000000 44.000000 0 469.000000 51.000000 0 37.000000 455.000000 0 31.000000 455.000000 0 19.000000 454.000000 0 21.000000 452.000000
00299 10 0 217.000000 12.000000 0 217.000000 13.000000 0 218.000000 13.000000 0 218.000000 14.000000 0 224.000000 24.000000 0 469.000000 51.000000 0 525.000000 63.000000 0 37.000000 455.000000 0 19.000000 454.000000 0 18.000000 454.000000
00300 10 0 217.000000 12.000000 0 217.000000 13.000000 0 181.000000 46.000000 0 469.000000 51.000000 0 506.000000 57.000000 0 37.000000 455.000000 0 31.000000 455.000000 0 19.000000 454.000000 0 18.000000 454.000000 0 21.000000 452.000000
00301 10 0 217.000000 12.000000 0 217.000000 13.000000 0 217.000000 14.000000 0 218.000000 14.000000 0 224.000000 24.000000 0 277.000000 27.000000 0 408.000000 28.000000 0 507.000000 57.000000 0 67.000000 449.000000 0 53.000000 447.000000
00302 10 0 265.000000 499.000000 0 217.000000 12.000000 0 217.000000 13.000000 0 217.000000 14.000000 0 218.000000 14.000000 0 469.000000 51.000000 0 48.000000 489.000000 0 17.000000 454.000000 0 21.000000 452.000000 0 49.000000 489.000000
00303 10 0 287.000000 42.000000 0 288.000000 41.000000 0 287.000000 41.000000 0 181.000000 46.000000 0 477.000000 43.000000 0 469.000000 51.000000 0 15.000000 462.000000 0 17.000000 459.000000 0 95.000000 463.000000 0 31.000000 468.000000
00304 10 0 469.000000 51.000000 0 181.000000 46.000000 0 409.000000 56.000000 0 17.000000 459.000000 0 31.000000 468.000000 0 357.000000 73.000000 0 358.000000 75.000000 0 355.000000 75.000000 0 358.000000 74.000000 0 357.000000 74.000000
00305 10 0 217.000000 12.000000 0 217.000000 13.000000 0 469.000000 51.000000 0 507.000000 57.000000 0 506.000000 57.000000 0 409.000000 56.000000 0 17.000000 459.000000 0 15.000000 459.000000 0 15.000000 462.000000 0 31.000000 468.000000
00306 10 0 282.000000 43.000000 0 175.000000 43.000000 0 477.000000 42.000000 0 287.000000 41.000000 0 181.000000 46.000000 0 175.000000 44.000000 0 469.000000 51.000000 0 506.000000 57.000000 0 409.000000 56.000000 0 23.000000 457.000000
00307 10 0 217.000000 12.000000 0 217.000000 13.000000 0 217.000000 14.000000 0 218.000000 14.000000 0 469.000000 51.000000 0 507.000000 57.000000 0 506.000000 57.000000 0 409.000000 56.000000 0 19.000000 454.000000 0 18.000000 454.000000
00308 10 0 217.000000 12.000000 0 469.000000 51.000000 0 507.000000 57.000000 0 506.000000 57.000000 0 409.000000 56.000000 0 17.000000 459.000000 0 15.000000 459.000000 0 31.000000 468.000000 0 9.000000 464.000000 0 485.000000 71.000000
00309 10 0 284.000000 491.000000 0 217.000000 12.000000 0 217.000000 13.000000 0 217.000000 14.000000 0 483.000000 195.000000 0 482.000000 195.000000 0 214.000000 197.000000 0 209.000000 197.000000 0 208.000000 197.000000 0 137.000000 197.000000
00310 10 0 265.000000 499.000000 0 217.000000 12.000000 0 217.000000 13.000000 0 217.000000 14.000000 0 224.000000 24.000000 0 47.000000 489.000000 0 408.000000 28.000000 0 507.000000 57.000000 0 506.000000 57.000000 0 409.000000 56.000000
00311 10 0 175.000000 44.000000 0 282.000000 43.000000 0 175.000000 43.000000 0 469.000000 51.000000 0 506.000000 57.000000 0 409.000000 56.000000 0 15.000000 459.000000 0 13.000000 462.000000 0 31.000000 468.000000 0 485.000000 71.000000
00312 10 0 469.000000 51.000000 0 507.000000 57.000000 0 506.000000 57.000000 0 409.000000 56.000000 0 13.000000 462.000000 0 15.000000 459.000000 0 29.000000 468.000000 0 7.000000 470.000000 0 31.000000 468.000000 0 485.000000 71.000000
00313 10 0 216.000000 12.000000 0 217.000000 12.000000 0 217.000000 13.000000 0 217.000000 14.000000 0 409.000000 27.000000 0 408.000000 28.000000 0 409.000000 56.000000 0 17.000000 454.000000 0 9.000000 460.000000 0 15.000000 459.000000
00314 10 0 216.000000 12.000000 0 217.000000 12.000000 0 217.000000 13.000000 0 217.000000 14.000000 0 409.000000 56.000000 0 505.000000 61.000000 0 17.000000 454.000000 0 9.000000 460.000000 0 15.000000 459.000000 0 13.000000 462.000000
00315 10 0 265.000000 499.000000 0 216.000000 12.000000 0 217.000000 12.000000 0 177.000000 44.000000 0 264.000000 500.000000 0 409.000000 56.000000 0 49.000000 488.000000 0 17.000000 454.000000 0 15.000000 454.000000 0 9.000000 460.000000
00316 10 0 286.000000 42.000000 0 282.000000 42.000000 0 287.000000 41.000000 0 177.000000 44.000000 0 175.000000 44.000000 0 282.000000 43.000000 0 177.000000 43.000000 0 175.000000 43.000000 0 17.000000 454.000000 0 9.000000 460.000000
00317 10 0 47.000000 489.000000 0 265.000000 499.000000 0 264.000000 500.000000 0 177.000000 44.000000 0 46.000000 489.000000 0 282.000000 43.000000 0 177.000000 43.000000 0 286.000000 42.000000 0 282.000000 42.000000 0 7.000000 470.000000
00318 10 0 264.000000 500.000000 0 216.000000 11.000000 0 216.000000 12.000000 0 217.000000 12.000000 0 217.000000 13.000000 0 49.000000 488.000000 0 46.000000 489.000000 0 505.000000 61.000000 0 17.000000 454.000000 0 11.000000 461.000000
00319 10 0 216.000000 11.000000 0 216.000000 12.000000 0 217.000000 13.000000 0 217.000000 14.000000 0 223.000000 23.000000 0 409.000000 27.000000 0 505.000000 61.000000 0 16.000000 454.000000 0 17.000000 454.000000 0 13.000000 462.000000
00320 10 0 216.000000 11.000000 0 216.000000 12.000000 0 217.000000 12.000000 0 217.000000 13.000000 0 217.000000 14.000000 0 223.000000 23.000000 0 409.000000 27.000000 0 505.000000 61.000000 0 17.000000 454.000000 0 16.000000 454.000000
00321 10 0 47.000000 489.000000 0 282.000000 43.000000 0 174.000000 43.000000 0 265.000000 199.000000 0 250.000000 199.000000 0 134.000000 200.000000 0 482.000000 199.000000 0 478.000000 199.000000 0 477.000000 199.000000 0 476.000000 199.000000
00322 10 0 216.000000 11.000000 0 216.000000 12.000000 0 216.000000 13.000000 0 217.000000 13.000000 0 217.000000 14.000000 0 409.000000 55.000000 0 15.000000 455.000000 0 13.000000 455.000000 0 17.000000 454.000000 0 13.000000 462.000000
00323 10 0 216.000000 11.000000 0 216.000000 12.000000 0 179.000000 45.000000 0 179.000000 44.000000 0 282.000000 43.000000 0 174.000000 43.000000 0 282.000000 42.000000 0 409.000000 55.000000 0 15.000000 455.000000 0 13.000000 455.000000
00324 10 0 47.000000 490.000000 0 179.000000 45.000000 0 282.000000 43.000000 0 174.000000 43.000000 0 282.000000 42.000000 0 477.000000 41.000000 0 286.000000 41.000000 0 409.000000 55.000000 0 264.000000 500.000000 0 13.000000 455.000000
00325 10 0 272.000000 207.000000 0 271.000000 207.000000 0 266.000000 207.000000 0 265.000000 207.000000 0 264.000000 207.000000 0 263.000000 207.000000 0 261.000000 207.000000 0 260.000000 207.000000 0 255.000000 207.000000 0 242.000000 207.000000
00326 10 0 215.000000 11.000000 0 216.000000 11.000000 0 216.000000 12.000000 0 216.000000 13.000000 0 217.000000 13.000000 0 223.000000 23.000000 0 409.000000 27.000000 0 409.000000 55.000000 0 505.000000 61.000000 0 17.000000 454.000000
00327 10 0 179.000000 44.000000 0 174.000000 43.000000 0 282.000000 42.000000 0 286.000000 41.000000 0 179.000000 45.000000 0 501.000000 50.000000 0 409.000000 55.000000 0 13.000000 455.000000 0 17.000000 454.000000 0 16.000000 454.000000
00328 10 0 264.000000 500.000000 0 215.000000 11.000000 0 216.000000 11.000000 0 216.000000 12.000000 0 216.000000 13.000000 0 217.000000 13.000000 0 1.000000 476.000000 0 45.000000 489.000000 0 409.000000 55.000000 0 505.000000 61.000000
00329 10 0 179.000000 45.000000 0 174.000000 43.000000 0 501.000000 50.000000 0 409.000000 55.000000 0 25.000000 457.000000 0 15.000000 455.000000 0 13.000000 455.000000 0 17.000000 454.000000 0 16.000000 454.000000 0 15.000000 454.000000
00330 10 0 215.000000 11.000000 0 216.000000 11.000000 0 216.000000 12.000000 0 216.000000 13.000000 0 501.000000 50.000000 0 409.000000 55.000000 0 505.000000 61.000000 0 14.000000 455.000000 0 13.000000 455.000000 0 16.000000 454.000000
00331 10 0 179.000000 45.000000 0 174.000000 43.000000 0 282.000000 42.000000 0 501.000000 50.000000 0 409.000000 55.000000 0 15.000000 455.000000 0 13.000000 455.000000 0 17.000000 454.000000 0 7.000000 461.000000 0 13.000000 459.000000
00332 10 0 215.000000 11.000000 0 216.000000 11.000000 0 216.000000 12.000000 0 409.000000 55.000000 0 501.000000 50.000000 0 15.000000 455.000000 0 13.000000 462.000000 0 7.000000 461.000000 0 7.000000 460.000000 0 13.000000 459.000000
00333 10 0 264.000000 500.000000 0 47.000000 490.000000 0 286.000000 41.000000 0 286.000000 40.000000 0 264.000000 499.000000 0 179.000000 45.000000 0 45.000000 489.000000 0 282.000000 42.000000 0 47.000000 489.000000 0 409.000000 55.000000
00334 10 0 215.000000 11.000000 0 216.000000 11.000000 0 216.000000 12.000000 0 216.000000 13.000000 0 501.000000 50.000000 0 409.000000 55.000000 0 517.000000 63.000000 0 50.000000 448.000000 0 49.000000 448.000000 0 25.000000 456.000000
00335 10 0 282.000000 42.000000 0 286.000000 41.000000 0 286.000000 40.000000 0 287.000000 39.000000 0 501.000000 50.000000 0 409.000000 55.000000 0 15.000000 455.000000 0 14.000000 455.000000 0 13.000000 455.000000 0 15.000000 454.000000
00336 10 0 215.000000 10.000000 0 179.000000 45.000000 0 501.000000 50.000000 0 409.000000 55.000000 0 513.000000 59.000000 0 13.000000 455.000000 0 15.000000 454.000000 0 17.000000 452.000000 0 13.000000 459.000000 0 25.000000 457.000000
00337 10 0 215.000000 10.000000 0 215.000000 11.000000 0 216.000000 11.000000 0 216.000000 12.000000 0 216.000000 13.000000 0 501.000000 50.000000 0 409.000000 55.000000 0 15.000000 454.000000 0 17.000000 452.000000 0 7.000000 460.000000
00338 10 0 215.000000 10.000000 0 215.000000 11.000000 0 216.000000 12.000000 0 216.000000 13.000000 0 501.000000 50.000000 0 409.000000 55.000000 0 513.000000 59.000000 0 15.000000 454.000000 0 17.000000 452.000000 0 13.000000 459.000000
00339 10 0 282.000000 42.000000 0 173.000000 42.000000 0 286.000000 40.000000 0 409.000000 55.000000 0 501.000000 50.000000 0 25.000000 457.000000 0 10.000000 456.000000 0 13.000000 455.000000 0 7.000000 461.000000 0 13.000000 459.000000
00340 10 0 286.000000 40.000000 0 287.000000 39.000000 0 173.000000 42.000000 0 409.000000 55.000000 0 13.000000 455.000000 0 15.000000 454.000000 0 17.000000 452.000000 0 7.000000 461.000000 0 26.000000 469.000000 0 25.000000 469.000000
00341 10 0 215.000000 10.000000 0 215.000000 11.000000 0 215.000000 12.000000 0 216.000000 12.000000 0 216.000000 13.000000 0 409.000000 55.000000 0 513.000000 59.000000 0 13.000000 455.000000 0 13.000000 459.000000 0 7.000000 461.000000
00342 10 0 215.000000 10.000000 0 215.000000 11.000000 0 215.000000 12.000000 0 216.000000 12.000000 0 216.000000 13.000000 0 409.000000 55.000000 0 437.000000 65.000000 0 517.000000 63.000000 0 17.000000 452.000000 0 49.000000 448.000000
00343 10 0 173.000000 42.000000 0 281.000000 41.000000 0 287.000000 39.000000 0 409.000000 55.000000 0 10.000000 456.000000 0 13.000000 455.000000 0 15.000000 454.000000 0 17.000000 452.000000 0 7.000000 461.000000 0 25.000000 469.000000
00344 10 0 45.000000 490.000000 0 215.000000 10.000000 0 478.000000 200.000000 0 285.000000 201.000000 0 277.000000 201.000000 0 263.000000 201.000000 0 262.000000 201.000000 0 261.000000 201.000000 0 260.000000 201.000000 0 259.000000 201.000000
00345 10 0 175.000000 42.000000 0 173.000000 42.000000 0 285.000000 41.000000 0 281.000000 41.000000 0 409.000000 55.000000 0 17.000000 452.000000 0 49.000000 448.000000 0 13.000000 455.000000 0 15.000000 454.000000 0 9.000000 461.000000
00346 10 0 214.000000 10.000000 0 215.000000 10.000000 0 215.000000 11.000000 0 215.000000 12.000000 0 175.000000 42.000000 0 409.000000 55.000000 0 49.000000 448.000000 0 13.000000 455.000000 0 15.000000 454.000000 0 33.000000 453.000000
00347 10 0 285.000000 41.000000 0 281.000000 41.000000 0 287.000000 39.000000 0 178.000000 44.000000 0 175.000000 42.000000 0 173.000000 42.000000 0 409.000000 55.000000 0 13.000000 455.000000 0 15.000000 454.000000 0 5.000000 464.000000
00348 10 0 215.000000 10.000000 0 175.000000 42.000000 0 173.000000 42.000000 0 479.000000 41.000000 0 285.000000 41.000000 0 281.000000 41.000000 0 409.000000 55.000000 0 15.000000 454.000000 0 33.000000 453.000000 0 15.000000 452.000000
00349 10 0 44.000000 490.000000 0 173.000000 42.000000 0 45.000000 490.000000 0 471.000000 49.000000 0 283.000000 492.000000 0 13.000000 455.000000 0 11.000000 455.000000 0 263.000000 500.000000 0 17.000000 452.000000 0 41.000000 451.000000
00350 10 0 214.000000 10.000000 0 215.000000 10.000000 0 215.000000 11.000000 0 215.000000 12.000000 0 222.000000 22.000000 0 409.000000 26.000000 0 471.000000 49.000000 0 48.000000 448.000000 0 17.000000 448.000000 0 13.000000 455.000000
00351 10 0 214.000000 10.000000 0 215.000000 10.000000 0 215.000000 11.000000 0 215.000000 12.000000 0 222.000000 22.000000 0 409.000000 26.000000 0 517.000000 63.000000 0 48.000000 448.000000 0 17.000000 448.000000 0 11.000000 455.000000
00352 10 0 214.000000 10.000000 0 215.000000 10.000000 0 215.000000 11.000000 0 479.000000 69.000000 0 48.000000 448.000000 0 13.000000 455.000000 0 12.000000 455.000000 0 11.000000 455.000000 0 33.000000 453.000000 0 15.000000 452.000000
00353 10 0 285.000000 40.000000 0 286.000000 39.000000 0 477.000000 38.000000 0 178.000000 44.000000 0 175.000000 42.000000 0 479.000000 41.000000 0 281.000000 41.000000 0 13.000000 455.000000 0 12.000000 455.000000 0 11.000000 455.000000
00354 10 0 214.000000 10.000000 0 215.000000 10.000000 0 215.000000 11.000000 0 215.000000 12.000000 0 222.000000 22.000000 0 479.000000 69.000000 0 13.000000 454.000000 0 16.000000 452.000000 0 23.000000 457.000000 0 13.000000 455.000000
00355 10 0 214.000000 10.000000 0 175.000000 42.000000 0 13.000000 454.000000 0 16.000000 452.000000 0 7.000000 457.000000 0 13.000000 455.000000 0 12.000000 455.000000 0 11.000000 455.000000 0 9.000000 463.000000 0 9.000000 461.000000
00356 10 0 263.000000 500.000000 0 43.000000 490.000000 0 44.000000 490.000000 0 281.000000 41.000000 0 21.000000 473.000000 0 285.000000 40.000000 0 27.000000 468.000000 0 23.000000 469.000000 0 286.000000 39.000000 0 285.000000 39.000000
00357 10 0 214.000000 9.000000 0 213.000000 10.000000 0 214.000000 10.000000 0 215.000000 10.000000 0 215.000000 11.000000 0 215.000000 12.000000 0 509.000000 55.000000 0 409.000000 54.000000 0 15.000000 452.000000 0 7.000000 457.000000
00358 10 0 214.000000 9.000000 0 214.000000 10.000000 0 215.000000 10.000000 0 215.000000 11.000000 0 215.000000 12.000000 0 509.000000 55.000000 0 47.000000 448.000000 0 7.000000 457.000000 0 13.000000 455.000000 0 12.000000 455.000000
00359 10 0 177.000000 43.000000 0 281.000000 41.000000 0 285.000000 40.000000 0 509.000000 55.000000 0 507.000000 55.000000 0 7.000000 457.000000 0 7.000000 456.000000 0 13.000000 455.000000 0 12.000000 455.000000 0 11.000000 455.000000
00360 10 0 214.000000 9.000000 0 214.000000 10.000000 0 215.000000 11.000000 0 215.000000 12.000000 0 471.000000 49.000000 0 509.000000 55.000000 0 7.000000 456.000000 0 13.000000 455.000000 0 12.000000 455.000000 0 11.000000 455.000000
00361 10 0 214.000000 9.000000 0 213.000000 10.000000 0 177.000000 44.000000 0 177.000000 43.000000 0 509.000000 55.000000 0 11.000000 455.000000 0 33.000000 453.000000 0 15.000000 452.000000 0 7.000000 457.000000 0 13.000000 455.000000
00362 10 0 214.000000 9.000000 0 214.000000 10.000000 0 214.000000 11.000000 0 215.000000 11.000000 0 215.000000 12.000000 0 509.000000 55.000000 0 15.000000 452.000000 0 61.000000 450.000000 0 7.000000 457.000000 0 12.000000 455.000000
00363 10 0 214.000000 9.000000 0 214.000000 10.000000 0 214.000000 11.000000 0 215.000000 11.000000 0 177.000000 44.000000 0 177.000000 43.000000 0 509.000000 55.000000 0 7.000000 457.000000 0 11.000000 455.000000 0 15.000000 452.000000
00364 10 0 42.000000 490.000000 0 275.000000 185.000000 0 280.000000 179.000000 0 267.000000 179.000000 0 391.000000 178.000000 0 271.000000 178.000000 0 339.000000 179.000000 0 323.000000 179.000000 0 322.000000 179.000000 0 282.000000 185.000000
00365 10 0 213.000000 9.000000 0 214.000000 9.000000 0 214.000000 10.000000 0 214.000000 11.000000 0 215.000000 11.000000 0 177.000000 44.000000 0 509.000000 55.000000 0 7.000000 457.000000 0 11.000000 455.000000 0 61.000000 450.000000
00366 10 0 263.000000 500.000000 0 42.000000 490.000000 0 43.000000 490.000000 0 479.000000 40.000000 0 261.000000 161.000000 0 260.000000 161.000000 0 251.000000 161.000000 0 51.000000 161.000000 0 301.000000 160.000000 0 263.000000 160.000000
00367 10 0 263.000000 500.000000 0 213.000000 9.000000 0 214.000000 9.000000 0 177.000000 43.000000 0 41.000000 490.000000 0 42.000000 490.000000 0 7.000000 457.000000 0 11.000000 455.000000 0 13.000000 454.000000 0 4.000000 461.000000
00368 10 0 213.000000 9.000000 0 214.000000 9.000000 0 214.000000 10.000000 0 214.000000 11.000000 0 221.000000 21.000000 0 437.000000 65.000000 0 480.000000 68.000000 0 529.000000 67.000000 0 499.000000 72.000000 0 357.000000 72.000000
00369 10 0 213.000000 9.000000 0 214.000000 9.000000 0 214.000000 10.000000 0 214.000000 11.000000 0 221.000000 21.000000 0 409.000000 54.000000 0 7.000000 457.000000 0 11.000000 455.000000 0 13.000000 452.000000 0 9.000000 460.000000
00370 10 0 213.000000 9.000000 0 214.000000 9.000000 0 214.000000 10.000000 0 214.000000 11.000000 0 221.000000 21.000000 0 409.000000 25.000000 0 409.000000 26.000000 0 409.000000 54.000000 0 437.000000 65.000000 0 7.000000 457.000000
00371 10 0 263.000000 500.000000 0 213.000000 9.000000 0 214.000000 9.000000 0 213.000000 10.000000 0 214.000000 10.000000 0 262.000000 501.000000 0 41.000000 490.000000 0 42.000000 490.000000 0 509.000000 55.000000 0 43.000000 491.000000
00372 10 0 41.000000 490.000000 0 43.000000 491.000000 0 171.000000 41.000000 0 479.000000 40.000000 0 280.000000 40.000000 0 285.000000 39.000000 0 286.000000 38.000000 0 409.000000 54.000000 0 7.000000 457.000000 0 11.000000 455.000000
00373 10 0 213.000000 9.000000 0 214.000000 9.000000 0 214.000000 10.000000 0 214.000000 11.000000 0 409.000000 54.000000 0 5.000000 457.000000 0 11.000000 455.000000 0 10.000000 455.000000 0 9.000000 455.000000 0 13.000000 453.000000
00374 10 0 41.000000 490.000000 0 213.000000 9.000000 0 214.000000 9.000000 0 43.000000 491.000000 0 171.000000 41.000000 0 479.000000 40.000000 0 282.000000 493.000000 0 19.000000 473.000000 0 21.000000 457.000000 0 5.000000 457.000000
00375 10 0 171.000000 41.000000 0 479.000000 40.000000 0 285.000000 39.000000 0 286.000000 38.000000 0 409.000000 54.000000 0 5.000000 457.000000 0 9.000000 461.000000 0 7.000000 461.000000 0 5.000000 461.000000 0 7.000000 460.000000
00376 10 0 213.000000 9.000000 0 480.000000 68.000000 0 5.000000 457.000000 0 7.000000 456.000000 0 5.000000 461.000000 0 7.000000 460.000000 0 7.000000 463.000000 0 7.000000 462.000000 0 4.000000 462.000000 0 7.000000 461.000000
00377 10 0 262.000000 501.000000 0 41.000000 490.000000 0 173.000000 41.000000 0 171.000000 41.000000 0 479.000000 40.000000 0 409.000000 54.000000 0 5.000000 457.000000 0 7.000000 456.000000 0 7.000000 461.000000 0 4.000000 461.000000
00378 10 0 213.000000 8.000000 0 213.000000 9.000000 0 481.000000 41.000000 0 173.000000 41.000000 0 409.000000 54.000000 0 9.000000 455.000000 0 13.000000 453.000000 0 5.000000 457.000000 0 11.000000 455.000000 0 10.000000 455.000000
00379 10 0 262.000000 501.000000 0 213.000000 8.000000 0 173.000000 41.000000 0 171.000000 41.000000 0 40.000000 490.000000 0 280.000000 40.000000 0 409.000000 54.000000 0 10.000000 455.000000 0 9.000000 455.000000 0 13.000000 453.000000
00380 10 0 213.000000 8.000000 0 213.000000 9.000000 0 213.000000 10.000000 0 214.000000 10.000000 0 214.000000 11.000000 0 220.000000 21.000000 0 357.000000 71.000000 0 356.000000 71.000000 0 355.000000 71.000000 0 9.000000 455.000000
00381 10 0 213.000000 8.000000 0 213.000000 9.000000 0 213.000000 10.000000 0 214.000000 10.000000 0 214.000000 11.000000 0 220.000000 21.000000 0 262.000000 501.000000 0 499.000000 72.000000 0 357.000000 72.000000 0 357.000000 71.000000
00382 10 0 171.000000 41.000000 0 170.000000 40.000000 0 479.000000 39.000000 0 284.000000 39.000000 0 285.000000 38.000000 0 176.000000 43.000000 0 173.000000 41.000000 0 471.000000 48.000000 0 5.000000 457.000000 0 7.000000 456.000000
00383 10 0 213.000000 8.000000 0 213.000000 9.000000 0 213.000000 10.000000 0 214.000000 11.000000 0 262.000000 501.000000 0 357.000000 71.000000 0 356.000000 71.000000 0 355.000000 71.000000 0 353.000000 73.000000 0 499.000000 72.000000
00384 10 0 213.000000 8.000000 0 213.000000 9.000000 0 409.000000 43.000000 0 173.000000 41.000000 0 280.000000 40.000000 0 4.000000 457.000000 0 7.000000 456.000000 0 10.000000 455.000000 0 9.000000 455.000000 0 17.000000 459.000000
00385 10 0 213.000000 8.000000 0 213.000000 9.000000 0 356.000000 70.000000 0 5.000000 457.000000 0 4.000000 457.000000 0 7.000000 456.000000 0 10.000000 455.000000 0 9.000000 455.000000 0 4.000000 462.000000 0 7.000000 461.000000
00386 10 0 213.000000 8.000000 0 213.000000 9.000000 0 213.000000 10.000000 0 220.000000 20.000000 0 220.000000 21.000000 0 274.000000 23.000000 0 261.000000 502.000000 0 262.000000 501.000000 0 356.000000 71.000000 0 355.000000 71.000000
00387 10 0 284.000000 39.000000 0 284.000000 38.000000 0 285.000000 37.000000 0 175.000000 42.000000 0 280.000000 40.000000 0 170.000000 40.000000 0 7.000000 456.000000 0 9.000000 455.000000 0 7.000000 455.000000 0 5.000000 457.000000
00388 10 0 212.000000 8.000000 0 213.000000 8.000000 0 213.000000 9.000000 0 213.000000 10.000000 0 261.000000 502.000000 0 471.000000 48.000000 0 7.000000 456.000000 0 9.000000 455.000000 0 7.000000 455.000000 0 4.000000 457.000000
00389 10 0 212.000000 8.000000 0 213.000000 8.000000 0 213.000000 9.000000 0 175.000000 41.000000 0 471.000000 48.000000 0 11.000000 453.000000 0 4.000000 457.000000 0 7.000000 456.000000 0 9.000000 455.000000 0 7.000000 455.000000
00390 10 0 284.000000 38.000000 0 285.000000 37.000000 0 175.000000 42.000000 0 170.000000 40.000000 0 284.000000 39.000000 0 471.000000 48.000000 0 9.000000 455.000000 0 7.000000 455.000000 0 11.000000 453.000000 0 7.000000 451.000000
00391 10 0 212.000000 8.000000 0 213.000000 8.000000 0 213.000000 9.000000 0 261.000000 502.000000 0 175.000000 42.000000 0 170.000000 40.000000 0 471.000000 48.000000 0 4.000000 457.000000 0 7.000000 456.000000 0 9.000000 455.000000
00392 10 0 39.000000 491.000000 0 40.000000 491.000000 0 170.000000 40.000000 0 284.000000 39.000000 0 284.000000 38.000000 0 285.000000 37.000000 0 175.000000 42.000000 0 481.000000 40.000000 0 9.000000 455.000000 0 7.000000 455.000000
00393 10 0 175.000000 42.000000 0 481.000000 40.000000 0 9.000000 455.000000 0 7.000000 455.000000 0 11.000000 453.000000 0 7.000000 451.000000 0 4.000000 457.000000 0 7.000000 456.000000 0 5.000000 456.000000 0 7.000000 461.000000
00394 10 0 212.000000 8.000000 0 213.000000 8.000000 0 409.000000 53.000000 0 11.000000 453.000000 0 7.000000 451.000000 0 4.000000 457.000000 0 7.000000 456.000000 0 9.000000 455.000000 0 7.000000 455.000000 0 5.000000 461.000000
00395 10 0 261.000000 501.000000 0 212.000000 8.000000 0 212.000000 9.000000 0 213.000000 9.000000 0 409.000000 53.000000 0 261.000000 502.000000 0 8.000000 455.000000 0 7.000000 455.000000 0 11.000000 453.000000 0 7.000000 451.000000
00396 10 0 212.000000 8.000000 0 213.000000 8.000000 0 212.000000 9.000000 0 213.000000 9.000000 0 213.000000 10.000000 0 219.000000 20.000000 0 261.000000 502.000000 0 261.000000 501.000000 0 220.000000 20.000000 0 274.000000 23.000000
00397 10 0 261.000000 501.000000 0 175.000000 42.000000 0 261.000000 502.000000 0 409.000000 53.000000 0 5.000000 456.000000 0 9.000000 455.000000 0 8.000000 455.000000 0 7.000000 455.000000 0 11.000000 453.000000 0 4.000000 457.000000
00398 10 0 284.000000 38.000000 0 285.000000 37.000000 0 175.000000 42.000000 0 409.000000 53.000000 0 9.000000 455.000000 0 7.000000 455.000000 0 11.000000 453.000000 0 7.000000 451.000000 0 4.000000 457.000000 0 7.000000 456.000000
00399 10 0 169.000000 40.000000 0 169.000000 39.000000 0 479.000000 38.000000 0 284.000000 38.000000 0 409.000000 53.000000 0 9.000000 455.000000 0 7.000000 455.000000 0 11.000000 453.000000 0 4.000000 457.000000 0 7.000000 456.000000
00400 10 0 212.000000 8.000000 0 175.000000 42.000000 0 169.000000 40.000000 0 169.000000 39.000000 0 479.000000 38.000000 0 409.000000 53.000000 0 9.000000 455.000000 0 7.000000 455.000000 0 11.000000 453.000000 0 7.000000 459.000000
00401 10 0 175.000000 42.000000 0 169.000000 40.000000 0 409.000000 53.000000 0 7.000000 459.000000 0 7.000000 461.000000 0 5.000000 461.000000 0 4.000000 461.000000 0 17.000000 459.000000 0 4.000000 463.000000 0 519.000000 61.000000
00402 10 0 169.000000 40.000000 0 169.000000 39.000000 0 284.000000 38.000000 0 285.000000 37.000000 0 409.000000 53.000000 0 7.000000 459.000000 0 7.000000 456.000000 0 7.000000 461.000000 0 5.000000 461.000000 0 4.000000 461.000000
00403 10 0 281.000000 493.000000 0 241.000000 215.000000 0 249.000000 214.000000 0 243.000000 214.000000 0 486.000000 213.000000 0 483.000000 215.000000 0 269.000000 215.000000 0 268.000000 215.000000 0 267.000000 215.000000 0 256.000000 212.000000
00404 10 0 169.000000 40.000000 0 169.000000 39.000000 0 409.000000 53.000000 0 7.000000 458.000000 0 7.000000 456.000000 0 5.000000 456.000000 0 4.000000 456.000000 0 5.000000 461.000000 0 4.000000 461.000000 0 7.000000 459.000000
