00001 10 0 240.000000 118.000000 0 13.000000 56.000000 0 108.000000 245.000000 0 55.000000 55.000000 0 48.000000 57.000000 0 168.000000 80.000000 0 28.000000 34.000000 0 176.000000 83.000000 0 52.000000 59.000000 0 0.000000 88.000000
00002 10 0 108.000000 244.000000 0 238.000000 117.000000 0 27.000000 139.000000 0 168.000000 80.000000 0 193.000000 100.000000 0 176.000000 82.000000 0 49.000000 65.000000 0 79.000000 177.000000 0 46.000000 59.000000 0 43.000000 59.000000
00003 10 0 240.000000 118.000000 0 49.000000 60.000000 0 54.000000 52.000000 0 48.000000 63.000000 0 45.000000 58.000000 0 228.000000 148.000000 0 29.000000 34.000000 0 51.000000 54.000000 0 27.000000 37.000000 0 55.000000 56.000000
00004 10 0 240.000000 119.000000 0 47.000000 58.000000 0 37.000000 160.000000 0 23.000000 35.000000 0 44.000000 62.000000 0 54.000000 56.000000 0 43.000000 62.000000 0 105.000000 167.000000 0 61.000000 64.000000 0 47.000000 61.000000
00005 10 0 108.000000 244.000000 0 227.000000 146.000000 0 27.000000 32.000000 0 50.000000 52.000000 0 55.000000 52.000000 0 238.000000 117.000000 0 239.000000 117.000000 0 49.000000 57.000000 0 27.000000 35.000000 0 49.000000 60.000000
00006 10 0 239.000000 118.000000 0 63.000000 56.000000 0 45.000000 56.000000 0 168.000000 79.000000 0 108.000000 244.000000 0 50.000000 57.000000 0 176.000000 83.000000 0 53.000000 64.000000 0 54.000000 56.000000 0 24.000000 33.000000
00007 10 0 238.000000 119.000000 0 56.000000 58.000000 0 108.000000 245.000000 0 26.000000 139.000000 0 50.000000 54.000000 0 56.000000 61.000000 0 61.000000 63.000000 0 255.000000 147.000000 0 24.000000 36.000000 0 51.000000 59.000000
00008 10 0 237.000000 119.000000 0 49.000000 55.000000 0 48.000000 59.000000 0 61.000000 93.000000 0 168.000000 82.000000 0 60.000000 63.000000 0 27.000000 35.000000 0 175.000000 80.000000 0 240.000000 117.000000 0 26.000000 140.000000
00009 10 0 48.000000 54.000000 0 108.000000 245.000000 0 240.000000 119.000000 0 47.000000 57.000000 0 46.000000 64.000000 0 51.000000 52.000000 0 60.000000 64.000000 0 55.000000 55.000000 0 54.000000 49.000000 0 27.000000 139.000000
00010 10 0 240.000000 117.000000 0 53.000000 57.000000 0 48.000000 59.000000 0 108.000000 244.000000 0 53.000000 60.000000 0 255.000000 145.000000 0 27.000000 34.000000 0 55.000000 67.000000 0 169.000000 80.000000 0 48.000000 53.000000
00011 10 0 238.000000 117.000000 0 56.000000 59.000000 0 55.000000 51.000000 0 175.000000 81.000000 0 107.000000 244.000000 0 48.000000 55.000000 0 61.000000 92.000000 0 46.000000 59.000000 0 46.000000 58.000000 0 51.000000 50.000000
00012 10 0 48.000000 58.000000 0 56.000000 56.000000 0 48.000000 55.000000 0 240.000000 119.000000 0 109.000000 244.000000 0 24.000000 35.000000 0 28.000000 33.000000 0 52.000000 54.000000 0 46.000000 63.000000 0 46.000000 62.000000
00013 10 0 242.000000 118.000000 0 131.000000 48.000000 0 177.000000 84.000000 0 53.000000 68.000000 0 61.000000 56.000000 0 48.000000 58.000000 0 143.000000 131.000000 0 63.000000 93.000000 0 56.000000 54.000000 0 31.000000 192.000000
00014 10 0 239.000000 117.000000 0 47.000000 56.000000 0 50.000000 51.000000 0 60.000000 56.000000 0 47.000000 52.000000 0 44.000000 58.000000 0 25.000000 34.000000 0 56.000000 51.000000 0 108.000000 244.000000 0 45.000000 63.000000
00015 10 0 55.000000 54.000000 0 239.000000 119.000000 0 49.000000 52.000000 0 108.000000 245.000000 0 45.000000 59.000000 0 50.000000 58.000000 0 49.000000 58.000000 0 49.000000 55.000000 0 46.000000 64.000000 0 16.000000 54.000000
00016 10 0 109.000000 244.000000 0 241.000000 118.000000 0 55.000000 54.000000 0 44.000000 57.000000 0 28.000000 34.000000 0 47.000000 56.000000 0 52.000000 51.000000 0 48.000000 66.000000 0 47.000000 63.000000 0 73.000000 104.000000
00017 10 0 31.000000 190.000000 0 56.000000 66.000000 0 238.000000 117.000000 0 108.000000 244.000000 0 28.000000 139.000000 0 48.000000 52.000000 0 175.000000 81.000000 0 46.000000 56.000000 0 47.000000 56.000000 0 185.000000 197.000000
00018 10 0 239.000000 119.000000 0 50.000000 56.000000 0 124.000000 135.000000 0 50.000000 53.000000 0 226.000000 247.000000 0 247.000000 98.000000 0 225.000000 244.000000 0 62.000000 94.000000 0 27.000000 35.000000 0 176.000000 84.000000
00019 10 0 240.000000 117.000000 0 108.000000 244.000000 0 42.000000 62.000000 0 55.000000 63.000000 0 176.000000 81.000000 0 225.000000 242.000000 0 47.000000 61.000000 0 27.000000 139.000000 0 45.000000 56.000000 0 53.000000 56.000000
00020 10 0 240.000000 120.000000 0 55.000000 70.000000 0 48.000000 63.000000 0 51.000000 56.000000 0 55.000000 62.000000 0 22.000000 35.000000 0 54.000000 59.000000 0 194.000000 101.000000 0 142.000000 131.000000 0 49.000000 59.000000
00021 10 0 239.000000 119.000000 0 240.000000 119.000000 0 56.000000 65.000000 0 47.000000 64.000000 0 48.000000 58.000000 0 109.000000 247.000000 0 56.000000 49.000000 0 53.000000 55.000000 0 64.000000 60.000000 0 42.000000 60.000000
00022 10 0 52.000000 55.000000 0 239.000000 118.000000 0 107.000000 245.000000 0 49.000000 53.000000 0 52.000000 64.000000 0 127.000000 48.000000 0 58.000000 64.000000 0 56.000000 47.000000 0 192.000000 100.000000 0 226.000000 146.000000
00023 10 0 27.000000 32.000000 0 238.000000 117.000000 0 49.000000 55.000000 0 107.000000 245.000000 0 50.000000 60.000000 0 55.000000 52.000000 0 22.000000 35.000000 0 51.000000 51.000000 0 128.000000 47.000000 0 12.000000 56.000000
00024 10 0 109.000000 245.000000 0 46.000000 63.000000 0 55.000000 64.000000 0 241.000000 119.000000 0 29.000000 33.000000 0 48.000000 58.000000 0 124.000000 133.000000 0 178.000000 79.000000 0 65.000000 60.000000 0 195.000000 101.000000
00025 10 0 239.000000 119.000000 0 51.000000 56.000000 0 61.000000 63.000000 0 53.000000 63.000000 0 64.000000 63.000000 0 52.000000 70.000000 0 23.000000 36.000000 0 58.000000 60.000000 0 165.000000 156.000000 0 47.000000 61.000000
00026 10 0 239.000000 119.000000 0 54.000000 56.000000 0 175.000000 82.000000 0 251.000000 95.000000 0 49.000000 55.000000 0 48.000000 55.000000 0 239.000000 200.000000 0 47.000000 60.000000 0 65.000000 55.000000 0 26.000000 34.000000
00027 10 0 61.000000 56.000000 0 239.000000 117.000000 0 42.000000 56.000000 0 55.000000 56.000000 0 27.000000 139.000000 0 58.000000 55.000000 0 24.000000 140.000000 0 122.000000 132.000000 0 49.000000 68.000000 0 48.000000 64.000000
00028 10 0 108.000000 244.000000 0 47.000000 64.000000 0 51.000000 55.000000 0 49.000000 50.000000 0 46.000000 58.000000 0 240.000000 117.000000 0 164.000000 119.000000 0 56.000000 57.000000 0 141.000000 128.000000 0 52.000000 48.000000
00029 10 0 238.000000 119.000000 0 27.000000 140.000000 0 47.000000 64.000000 0 55.000000 50.000000 0 26.000000 37.000000 0 43.000000 60.000000 0 64.000000 67.000000 0 140.000000 131.000000 0 21.000000 36.000000 0 109.000000 253.000000
00030 10 0 239.000000 119.000000 0 27.000000 140.000000 0 53.000000 55.000000 0 49.000000 55.000000 0 48.000000 66.000000 0 175.000000 86.000000 0 110.000000 245.000000 0 50.000000 60.000000 0 175.000000 83.000000 0 56.000000 58.000000
00031 10 0 36.000000 159.000000 0 24.000000 35.000000 0 223.000000 110.000000 0 39.000000 32.000000 0 43.000000 57.000000 0 238.000000 119.000000 0 46.000000 63.000000 0 46.000000 54.000000 0 48.000000 58.000000 0 44.000000 68.000000
00032 10 0 175.000000 81.000000 0 240.000000 117.000000 0 41.000000 58.000000 0 50.000000 68.000000 0 50.000000 67.000000 0 28.000000 31.000000 0 47.000000 57.000000 0 123.000000 132.000000 0 24.000000 34.000000 0 47.000000 62.000000
00033 10 0 47.000000 55.000000 0 239.000000 118.000000 0 53.000000 51.000000 0 141.000000 129.000000 0 50.000000 53.000000 0 42.000000 62.000000 0 26.000000 139.000000 0 56.000000 53.000000 0 0.000000 74.000000 0 59.000000 51.000000
00034 10 0 239.000000 119.000000 0 56.000000 58.000000 0 56.000000 57.000000 0 54.000000 63.000000 0 16.000000 57.000000 0 110.000000 246.000000 0 46.000000 64.000000 0 49.000000 60.000000 0 228.000000 147.000000 0 131.000000 48.000000
00035 10 0 238.000000 118.000000 0 50.000000 56.000000 0 41.000000 57.000000 0 50.000000 51.000000 0 176.000000 80.000000 0 26.000000 33.000000 0 47.000000 60.000000 0 54.000000 57.000000 0 54.000000 58.000000 0 54.000000 62.000000
00036 10 0 241.000000 119.000000 0 239.000000 119.000000 0 109.000000 245.000000 0 18.000000 55.000000 0 50.000000 55.000000 0 16.000000 52.000000 0 56.000000 63.000000 0 28.000000 140.000000 0 247.000000 97.000000 0 161.000000 239.000000
00037 10 0 240.000000 119.000000 0 45.000000 66.000000 0 47.000000 56.000000 0 47.000000 57.000000 0 42.000000 62.000000 0 141.000000 131.000000 0 129.000000 48.000000 0 56.000000 62.000000 0 42.000000 59.000000 0 48.000000 65.000000
00038 10 0 239.000000 117.000000 0 107.000000 244.000000 0 45.000000 56.000000 0 58.000000 58.000000 0 175.000000 80.000000 0 42.000000 67.000000 0 50.000000 50.000000 0 230.000000 119.000000 0 47.000000 67.000000 0 61.000000 56.000000
00039 10 0 240.000000 118.000000 0 108.000000 245.000000 0 45.000000 61.000000 0 48.000000 56.000000 0 50.000000 53.000000 0 142.000000 131.000000 0 241.000000 200.000000 0 54.000000 51.000000 0 29.000000 32.000000 0 45.000000 58.000000
00040 10 0 240.000000 119.000000 0 63.000000 60.000000 0 56.000000 61.000000 0 50.000000 55.000000 0 44.000000 60.000000 0 26.000000 35.000000 0 44.000000 59.000000 0 56.000000 52.000000 0 61.000000 55.000000 0 176.000000 84.000000
00041 10 0 240.000000 119.000000 0 240.000000 116.000000 0 52.000000 58.000000 0 56.000000 68.000000 0 80.000000 178.000000 0 55.000000 55.000000 0 108.000000 245.000000 0 52.000000 64.000000 0 59.000000 64.000000 0 52.000000 53.000000
00042 10 0 52.000000 54.000000 0 49.000000 55.000000 0 61.000000 64.000000 0 239.000000 118.000000 0 176.000000 83.000000 0 49.000000 52.000000 0 59.000000 61.000000 0 52.000000 51.000000 0 17.000000 55.000000 0 43.000000 60.000000
00043 10 0 239.000000 120.000000 0 58.000000 59.000000 0 37.000000 160.000000 0 27.000000 141.000000 0 175.000000 84.000000 0 55.000000 57.000000 0 28.000000 34.000000 0 109.000000 247.000000 0 49.000000 65.000000 0 53.000000 63.000000
00044 10 0 237.000000 119.000000 0 240.000000 119.000000 0 43.000000 66.000000 0 78.000000 179.000000 0 60.000000 61.000000 0 51.000000 64.000000 0 50.000000 57.000000 0 46.000000 64.000000 0 255.000000 146.000000 0 55.000000 55.000000
00045 10 0 108.000000 244.000000 0 240.000000 117.000000 0 28.000000 32.000000 0 128.000000 47.000000 0 240.000000 199.000000 0 123.000000 132.000000 0 53.000000 56.000000 0 61.000000 56.000000 0 48.000000 58.000000 0 47.000000 56.000000
00046 10 0 239.000000 119.000000 0 51.000000 55.000000 0 168.000000 81.000000 0 107.000000 245.000000 0 175.000000 83.000000 0 64.000000 64.000000 0 40.000000 59.000000 0 217.000000 99.000000 0 224.000000 244.000000 0 224.000000 245.000000
00047 10 0 239.000000 118.000000 0 49.000000 56.000000 0 55.000000 58.000000 0 57.000000 48.000000 0 57.000000 51.000000 0 109.000000 245.000000 0 46.000000 64.000000 0 63.000000 53.000000 0 242.000000 117.000000 0 39.000000 158.000000
00048 10 0 240.000000 116.000000 0 109.000000 244.000000 0 50.000000 51.000000 0 49.000000 56.000000 0 50.000000 56.000000 0 53.000000 54.000000 0 140.000000 130.000000 0 176.000000 80.000000 0 175.000000 83.000000 0 63.000000 53.000000
00049 10 0 239.000000 119.000000 0 55.000000 56.000000 0 49.000000 55.000000 0 107.000000 245.000000 0 140.000000 131.000000 0 27.000000 33.000000 0 49.000000 52.000000 0 129.000000 47.000000 0 53.000000 70.000000 0 63.000000 62.000000
00050 10 0 239.000000 118.000000 0 175.000000 84.000000 0 53.000000 56.000000 0 48.000000 51.000000 0 47.000000 63.000000 0 42.000000 55.000000 0 15.000000 54.000000 0 193.000000 100.000000 0 60.000000 64.000000 0 50.000000 68.000000
