00001 10 0 254.000000 10.000000 0 58.000000 253.000000 0 222.000000 0.000000 0 221.000000 3.000000 0 246.000000 100.000000 0 60.000000 250.000000 0 67.000000 24.000000 0 106.000000 50.000000 0 128.000000 48.000000 0 163.000000 75.000000
00002 10 0 223.000000 0.000000 0 60.000000 251.000000 0 255.000000 9.000000 0 248.000000 99.000000 0 69.000000 23.000000 0 68.000000 23.000000 0 248.000000 117.000000 0 248.000000 113.000000 0 165.000000 74.000000 0 131.000000 47.000000
00003 10 0 252.000000 8.000000 0 220.000000 1.000000 0 57.000000 251.000000 0 246.000000 98.000000 0 66.000000 22.000000 0 66.000000 21.000000 0 244.000000 114.000000 0 127.000000 45.000000 0 162.000000 74.000000 0 68.000000 93.000000
00004 10 0 223.000000 0.000000 0 69.000000 23.000000 0 255.000000 10.000000 0 247.000000 101.000000 0 61.000000 253.000000 0 61.000000 252.000000 0 248.000000 117.000000 0 197.000000 0.000000 0 72.000000 95.000000 0 131.000000 48.000000
00005 10 0 222.000000 0.000000 0 197.000000 0.000000 0 255.000000 11.000000 0 68.000000 25.000000 0 248.000000 102.000000 0 60.000000 254.000000 0 60.000000 253.000000 0 164.000000 77.000000 0 168.000000 39.000000 0 247.000000 119.000000
00006 10 0 223.000000 0.000000 0 223.000000 3.000000 0 60.000000 253.000000 0 248.000000 100.000000 0 197.000000 0.000000 0 165.000000 76.000000 0 69.000000 24.000000 0 255.000000 10.000000 0 246.000000 117.000000 0 108.000000 50.000000
00007 10 0 220.000000 0.000000 0 56.000000 252.000000 0 252.000000 9.000000 0 244.000000 100.000000 0 65.000000 23.000000 0 104.000000 49.000000 0 242.000000 116.000000 0 161.000000 75.000000 0 162.000000 75.000000 0 127.000000 48.000000
00008 10 0 221.000000 0.000000 0 218.000000 0.000000 0 194.000000 0.000000 0 65.000000 24.000000 0 58.000000 251.000000 0 251.000000 11.000000 0 245.000000 101.000000 0 161.000000 76.000000 0 104.000000 50.000000 0 127.000000 49.000000
00009 10 0 222.000000 0.000000 0 197.000000 0.000000 0 68.000000 25.000000 0 255.000000 11.000000 0 249.000000 101.000000 0 248.000000 101.000000 0 60.000000 254.000000 0 247.000000 119.000000 0 247.000000 116.000000 0 244.000000 115.000000
00010 10 0 220.000000 0.000000 0 56.000000 253.000000 0 58.000000 250.000000 0 252.000000 9.000000 0 252.000000 10.000000 0 245.000000 100.000000 0 64.000000 23.000000 0 243.000000 117.000000 0 243.000000 116.000000 0 104.000000 50.000000
00011 10 0 221.000000 0.000000 0 220.000000 0.000000 0 194.000000 0.000000 0 245.000000 101.000000 0 58.000000 251.000000 0 252.000000 11.000000 0 56.000000 254.000000 0 104.000000 51.000000 0 162.000000 76.000000 0 68.000000 95.000000
00012 10 0 221.000000 0.000000 0 246.000000 98.000000 0 58.000000 250.000000 0 253.000000 8.000000 0 67.000000 21.000000 0 106.000000 48.000000 0 128.000000 47.000000 0 39.000000 99.000000 0 244.000000 114.000000 0 88.000000 218.000000
00013 10 0 221.000000 0.000000 0 252.000000 10.000000 0 220.000000 3.000000 0 64.000000 24.000000 0 56.000000 253.000000 0 194.000000 0.000000 0 244.000000 116.000000 0 245.000000 100.000000 0 161.000000 75.000000 0 104.000000 50.000000
00014 10 0 221.000000 0.000000 0 219.000000 3.000000 0 244.000000 101.000000 0 64.000000 24.000000 0 251.000000 10.000000 0 194.000000 0.000000 0 56.000000 253.000000 0 104.000000 50.000000 0 58.000000 250.000000 0 162.000000 76.000000
00015 10 0 224.000000 0.000000 0 223.000000 3.000000 0 255.000000 10.000000 0 69.000000 23.000000 0 198.000000 0.000000 0 248.000000 101.000000 0 60.000000 252.000000 0 108.000000 50.000000 0 247.000000 118.000000 0 131.000000 48.000000
00016 10 0 220.000000 0.000000 0 196.000000 0.000000 0 253.000000 12.000000 0 58.000000 255.000000 0 246.000000 119.000000 0 247.000000 102.000000 0 163.000000 77.000000 0 67.000000 25.000000 0 106.000000 52.000000 0 245.000000 116.000000
00017 10 0 223.000000 0.000000 0 224.000000 0.000000 0 255.000000 11.000000 0 248.000000 101.000000 0 197.000000 0.000000 0 59.000000 253.000000 0 68.000000 24.000000 0 247.000000 117.000000 0 165.000000 76.000000 0 169.000000 36.000000
00018 10 0 223.000000 1.000000 0 255.000000 9.000000 0 248.000000 116.000000 0 248.000000 99.000000 0 69.000000 23.000000 0 60.000000 252.000000 0 108.000000 49.000000 0 165.000000 74.000000 0 42.000000 100.000000 0 130.000000 47.000000
00019 10 0 247.000000 99.000000 0 223.000000 1.000000 0 255.000000 8.000000 0 247.000000 114.000000 0 68.000000 23.000000 0 165.000000 74.000000 0 61.000000 249.000000 0 61.000000 250.000000 0 130.000000 47.000000 0 90.000000 219.000000
00020 10 0 56.000000 252.000000 0 252.000000 8.000000 0 252.000000 9.000000 0 65.000000 23.000000 0 220.000000 1.000000 0 245.000000 99.000000 0 244.000000 117.000000 0 162.000000 74.000000 0 127.000000 48.000000 0 104.000000 49.000000
00021 10 0 220.000000 0.000000 0 196.000000 0.000000 0 255.000000 12.000000 0 58.000000 255.000000 0 164.000000 77.000000 0 40.000000 103.000000 0 67.000000 26.000000 0 67.000000 25.000000 0 247.000000 102.000000 0 247.000000 120.000000
00022 10 0 252.000000 8.000000 0 220.000000 1.000000 0 66.000000 22.000000 0 245.000000 99.000000 0 57.000000 250.000000 0 105.000000 48.000000 0 245.000000 116.000000 0 162.000000 73.000000 0 242.000000 115.000000 0 127.000000 45.000000
00023 10 0 223.000000 0.000000 0 197.000000 0.000000 0 223.000000 3.000000 0 68.000000 25.000000 0 60.000000 254.000000 0 255.000000 11.000000 0 248.000000 116.000000 0 247.000000 102.000000 0 247.000000 101.000000 0 244.000000 116.000000
00024 10 0 244.000000 99.000000 0 220.000000 0.000000 0 56.000000 252.000000 0 252.000000 9.000000 0 65.000000 22.000000 0 104.000000 49.000000 0 244.000000 117.000000 0 127.000000 48.000000 0 240.000000 114.000000 0 244.000000 112.000000
00025 10 0 223.000000 0.000000 0 223.000000 1.000000 0 255.000000 8.000000 0 247.000000 99.000000 0 60.000000 250.000000 0 68.000000 22.000000 0 248.000000 116.000000 0 244.000000 115.000000 0 165.000000 74.000000 0 248.000000 113.000000
00026 10 0 252.000000 8.000000 0 220.000000 1.000000 0 245.000000 99.000000 0 245.000000 98.000000 0 162.000000 74.000000 0 66.000000 22.000000 0 58.000000 248.000000 0 127.000000 46.000000 0 245.000000 116.000000 0 247.000000 242.000000
00027 10 0 223.000000 0.000000 0 61.000000 251.000000 0 60.000000 253.000000 0 69.000000 24.000000 0 247.000000 101.000000 0 165.000000 76.000000 0 255.000000 10.000000 0 248.000000 117.000000 0 197.000000 0.000000 0 245.000000 114.000000
00028 10 0 220.000000 0.000000 0 196.000000 0.000000 0 254.000000 12.000000 0 246.000000 102.000000 0 58.000000 255.000000 0 67.000000 26.000000 0 247.000000 119.000000 0 40.000000 103.000000 0 163.000000 77.000000 0 71.000000 96.000000
00029 10 0 255.000000 8.000000 0 248.000000 98.000000 0 61.000000 248.000000 0 68.000000 21.000000 0 223.000000 0.000000 0 247.000000 116.000000 0 40.000000 99.000000 0 107.000000 48.000000 0 71.000000 93.000000 0 130.000000 46.000000
00030 10 0 222.000000 0.000000 0 221.000000 0.000000 0 196.000000 0.000000 0 255.000000 12.000000 0 59.000000 255.000000 0 40.000000 103.000000 0 68.000000 25.000000 0 248.000000 103.000000 0 246.000000 102.000000 0 247.000000 119.000000
00031 10 0 221.000000 0.000000 0 219.000000 2.000000 0 219.000000 3.000000 0 56.000000 253.000000 0 252.000000 10.000000 0 58.000000 250.000000 0 104.000000 50.000000 0 242.000000 115.000000 0 65.000000 23.000000 0 244.000000 100.000000
00032 10 0 253.000000 8.000000 0 220.000000 0.000000 0 245.000000 98.000000 0 66.000000 21.000000 0 66.000000 22.000000 0 57.000000 251.000000 0 244.000000 112.000000 0 244.000000 115.000000 0 162.000000 74.000000 0 240.000000 113.000000
00033 10 0 253.000000 8.000000 0 221.000000 0.000000 0 246.000000 98.000000 0 66.000000 21.000000 0 57.000000 250.000000 0 244.000000 116.000000 0 39.000000 99.000000 0 241.000000 112.000000 0 163.000000 73.000000 0 106.000000 48.000000
00034 10 0 222.000000 0.000000 0 221.000000 0.000000 0 196.000000 0.000000 0 223.000000 4.000000 0 59.000000 254.000000 0 68.000000 25.000000 0 255.000000 11.000000 0 247.000000 102.000000 0 164.000000 77.000000 0 247.000000 119.000000
00035 10 0 221.000000 0.000000 0 196.000000 0.000000 0 59.000000 255.000000 0 58.000000 255.000000 0 255.000000 12.000000 0 247.000000 120.000000 0 67.000000 25.000000 0 246.000000 102.000000 0 60.000000 252.000000 0 164.000000 77.000000
00036 10 0 221.000000 0.000000 0 67.000000 21.000000 0 253.000000 8.000000 0 58.000000 250.000000 0 247.000000 98.000000 0 163.000000 73.000000 0 247.000000 116.000000 0 244.000000 116.000000 0 243.000000 116.000000 0 244.000000 112.000000
00037 10 0 224.000000 0.000000 0 69.000000 23.000000 0 255.000000 10.000000 0 247.000000 115.000000 0 60.000000 252.000000 0 249.000000 100.000000 0 72.000000 95.000000 0 198.000000 0.000000 0 244.000000 117.000000 0 131.000000 49.000000
00038 10 0 251.000000 10.000000 0 220.000000 0.000000 0 244.000000 100.000000 0 58.000000 250.000000 0 56.000000 253.000000 0 64.000000 23.000000 0 104.000000 50.000000 0 244.000000 117.000000 0 241.000000 117.000000 0 37.000000 101.000000
00039 10 0 56.000000 252.000000 0 252.000000 9.000000 0 220.000000 1.000000 0 65.000000 22.000000 0 244.000000 99.000000 0 244.000000 117.000000 0 161.000000 74.000000 0 104.000000 48.000000 0 242.000000 113.000000 0 165.000000 38.000000
00040 10 0 219.000000 0.000000 0 195.000000 0.000000 0 252.000000 11.000000 0 162.000000 77.000000 0 245.000000 102.000000 0 244.000000 119.000000 0 66.000000 25.000000 0 58.000000 253.000000 0 105.000000 52.000000 0 245.000000 115.000000
00041 10 0 255.000000 8.000000 0 254.000000 8.000000 0 59.000000 250.000000 0 247.000000 98.000000 0 222.000000 0.000000 0 67.000000 22.000000 0 106.000000 48.000000 0 164.000000 74.000000 0 247.000000 116.000000 0 247.000000 113.000000
00042 10 0 221.000000 0.000000 0 220.000000 0.000000 0 196.000000 0.000000 0 58.000000 255.000000 0 254.000000 12.000000 0 247.000000 102.000000 0 67.000000 26.000000 0 163.000000 77.000000 0 60.000000 252.000000 0 40.000000 103.000000
00043 10 0 223.000000 1.000000 0 165.000000 74.000000 0 255.000000 9.000000 0 61.000000 252.000000 0 69.000000 23.000000 0 248.000000 116.000000 0 248.000000 98.000000 0 131.000000 48.000000 0 243.000000 115.000000 0 167.000000 35.000000
00044 10 0 254.000000 8.000000 0 61.000000 248.000000 0 58.000000 251.000000 0 59.000000 251.000000 0 222.000000 0.000000 0 247.000000 98.000000 0 163.000000 73.000000 0 67.000000 21.000000 0 245.000000 113.000000 0 245.000000 114.000000
00045 10 0 219.000000 0.000000 0 220.000000 3.000000 0 57.000000 253.000000 0 194.000000 0.000000 0 251.000000 10.000000 0 65.000000 24.000000 0 245.000000 101.000000 0 104.000000 51.000000 0 244.000000 115.000000 0 161.000000 76.000000
00046 10 0 223.000000 0.000000 0 248.000000 99.000000 0 255.000000 10.000000 0 61.000000 250.000000 0 165.000000 74.000000 0 69.000000 23.000000 0 247.000000 114.000000 0 108.000000 49.000000 0 243.000000 115.000000 0 131.000000 48.000000
00047 10 0 221.000000 0.000000 0 197.000000 0.000000 0 196.000000 0.000000 0 223.000000 4.000000 0 68.000000 25.000000 0 59.000000 255.000000 0 255.000000 11.000000 0 247.000000 119.000000 0 247.000000 102.000000 0 61.000000 252.000000
00048 10 0 219.000000 0.000000 0 194.000000 0.000000 0 252.000000 11.000000 0 58.000000 251.000000 0 57.000000 254.000000 0 65.000000 25.000000 0 245.000000 102.000000 0 243.000000 117.000000 0 243.000000 116.000000 0 243.000000 120.000000
00049 10 0 221.000000 0.000000 0 253.000000 8.000000 0 66.000000 21.000000 0 247.000000 98.000000 0 59.000000 248.000000 0 163.000000 74.000000 0 167.000000 37.000000 0 244.000000 116.000000 0 69.000000 93.000000 0 38.000000 99.000000
00050 10 0 220.000000 1.000000 0 244.000000 98.000000 0 65.000000 22.000000 0 127.000000 47.000000 0 252.000000 8.000000 0 57.000000 251.000000 0 242.000000 115.000000 0 231.000000 44.000000 0 165.000000 37.000000 0 165.000000 36.000000
