00001 10 0 18.000000 202.000000 0 28.000000 215.000000 0 186.000000 252.000000 0 41.000000 140.000000 0 13.000000 28.000000 0 19.000000 136.000000 0 172.000000 252.000000 0 249.000000 173.000000 0 40.000000 239.000000 0 215.000000 252.000000
00002 4 0 18.000000 205.000000 0 26.000000 215.000000 0 155.000000 253.000000 0 171.000000 245.000000
00003 10 0 17.000000 204.000000 0 26.000000 215.000000 0 170.000000 245.000000 0 170.000000 252.000000 0 171.000000 245.000000 0 247.000000 174.000000 0 247.000000 173.000000 0 183.000000 253.000000 0 154.000000 252.000000 0 39.000000 140.000000
00004 10 0 19.000000 205.000000 0 28.000000 216.000000 0 169.000000 252.000000 0 157.000000 254.000000 0 172.000000 247.000000 0 68.000000 176.000000 0 186.000000 255.000000 0 172.000000 254.000000 0 249.000000 176.000000 0 40.000000 143.000000
00005 10 0 19.000000 204.000000 0 20.000000 205.000000 0 20.000000 204.000000 0 29.000000 215.000000 0 0.000000 242.000000 0 157.000000 253.000000 0 250.000000 176.000000 0 40.000000 140.000000 0 187.000000 254.000000 0 180.000000 218.000000
00006 10 0 18.000000 204.000000 0 28.000000 218.000000 0 248.000000 176.000000 0 220.000000 140.000000 0 157.000000 254.000000 0 156.000000 254.000000 0 171.000000 254.000000 0 173.000000 247.000000 0 171.000000 253.000000 0 0.000000 245.000000
00007 10 0 20.000000 203.000000 0 31.000000 216.000000 0 174.000000 252.000000 0 175.000000 244.000000 0 1.000000 241.000000 0 15.000000 27.000000 0 181.000000 216.000000 0 159.000000 252.000000 0 174.000000 255.000000 0 43.000000 141.000000
00008 10 0 18.000000 205.000000 0 19.000000 205.000000 0 18.000000 204.000000 0 28.000000 216.000000 0 157.000000 254.000000 0 249.000000 176.000000 0 173.000000 247.000000 0 220.000000 140.000000 0 178.000000 218.000000 0 209.000000 155.000000
00009 10 0 16.000000 203.000000 0 26.000000 214.000000 0 247.000000 173.000000 0 155.000000 252.000000 0 170.000000 245.000000 0 39.000000 140.000000 0 177.000000 216.000000 0 218.000000 138.000000 0 165.000000 255.000000 0 12.000000 27.000000
00010 10 0 18.000000 204.000000 0 28.000000 216.000000 0 28.000000 219.000000 0 173.000000 247.000000 0 157.000000 254.000000 0 249.000000 176.000000 0 167.000000 255.000000 0 7.000000 208.000000 0 220.000000 140.000000 0 15.000000 32.000000
00011 10 0 19.000000 200.000000 0 29.000000 213.000000 0 0.000000 240.000000 0 187.000000 251.000000 0 175.000000 243.000000 0 180.000000 216.000000 0 159.000000 251.000000 0 14.000000 26.000000 0 16.000000 29.000000 0 173.000000 250.000000
00012 10 0 18.000000 205.000000 0 27.000000 216.000000 0 248.000000 176.000000 0 156.000000 254.000000 0 0.000000 245.000000 0 0.000000 242.000000 0 13.000000 28.000000 0 221.000000 127.000000 0 185.000000 254.000000 0 168.000000 253.000000
00013 10 0 18.000000 205.000000 0 27.000000 215.000000 0 28.000000 218.000000 0 172.000000 247.000000 0 157.000000 254.000000 0 248.000000 176.000000 0 40.000000 142.000000 0 10.000000 242.000000 0 0.000000 244.000000 0 0.000000 243.000000
00014 10 0 21.000000 205.000000 0 30.000000 215.000000 0 175.000000 245.000000 0 0.000000 242.000000 0 159.000000 253.000000 0 159.000000 252.000000 0 170.000000 255.000000 0 16.000000 29.000000 0 222.000000 139.000000 0 171.000000 250.000000
00015 10 0 18.000000 204.000000 0 28.000000 216.000000 0 28.000000 218.000000 0 28.000000 217.000000 0 173.000000 247.000000 0 166.000000 255.000000 0 42.000000 143.000000 0 186.000000 254.000000 0 172.000000 255.000000 0 13.000000 120.000000
00016 10 0 18.000000 202.000000 0 27.000000 213.000000 0 156.000000 250.000000 0 248.000000 172.000000 0 178.000000 214.000000 0 18.000000 136.000000 0 172.000000 243.000000 0 13.000000 26.000000 0 41.000000 139.000000 0 38.000000 137.000000
00017 10 0 20.000000 205.000000 0 29.000000 215.000000 0 223.000000 126.000000 0 250.000000 175.000000 0 158.000000 254.000000 0 173.000000 254.000000 0 16.000000 32.000000 0 187.000000 254.000000 0 0.000000 242.000000 0 221.000000 141.000000
00018 10 0 18.000000 200.000000 0 19.000000 202.000000 0 19.000000 201.000000 0 18.000000 201.000000 0 28.000000 212.000000 0 28.000000 213.000000 0 168.000000 252.000000 0 157.000000 250.000000 0 186.000000 250.000000 0 167.000000 255.000000
00019 10 0 21.000000 205.000000 0 29.000000 215.000000 0 42.000000 141.000000 0 158.000000 253.000000 0 3.000000 242.000000 0 175.000000 245.000000 0 224.000000 125.000000 0 0.000000 242.000000 0 0.000000 243.000000 0 188.000000 254.000000
00020 10 0 21.000000 204.000000 0 30.000000 215.000000 0 159.000000 252.000000 0 174.000000 246.000000 0 0.000000 242.000000 0 173.000000 252.000000 0 44.000000 141.000000 0 15.000000 27.000000 0 40.000000 139.000000 0 223.000000 139.000000
00021 10 0 21.000000 203.000000 0 30.000000 214.000000 0 30.000000 213.000000 0 174.000000 244.000000 0 181.000000 215.000000 0 0.000000 240.000000 0 158.000000 251.000000 0 223.000000 123.000000 0 175.000000 252.000000 0 21.000000 136.000000
00022 10 0 18.000000 202.000000 0 16.000000 199.000000 0 27.000000 213.000000 0 248.000000 172.000000 0 167.000000 255.000000 0 172.000000 243.000000 0 155.000000 250.000000 0 156.000000 250.000000 0 40.000000 237.000000 0 171.000000 250.000000
00023 10 0 18.000000 200.000000 0 29.000000 213.000000 0 0.000000 239.000000 0 20.000000 136.000000 0 187.000000 251.000000 0 222.000000 137.000000 0 157.000000 250.000000 0 221.000000 137.000000 0 158.000000 250.000000 0 170.000000 249.000000
00024 10 0 20.000000 203.000000 0 30.000000 216.000000 0 159.000000 252.000000 0 0.000000 240.000000 0 188.000000 252.000000 0 251.000000 173.000000 0 180.000000 216.000000 0 16.000000 26.000000 0 175.000000 244.000000 0 169.000000 255.000000
00025 10 0 20.000000 202.000000 0 29.000000 213.000000 0 250.000000 171.000000 0 173.000000 243.000000 0 0.000000 239.000000 0 169.000000 253.000000 0 180.000000 215.000000 0 168.000000 253.000000 0 187.000000 250.000000 0 187.000000 251.000000
00026 10 0 18.000000 204.000000 0 20.000000 207.000000 0 29.000000 216.000000 0 157.000000 254.000000 0 0.000000 243.000000 0 173.000000 254.000000 0 168.000000 255.000000 0 173.000000 247.000000 0 173.000000 246.000000 0 43.000000 143.000000
00027 10 0 18.000000 200.000000 0 27.000000 212.000000 0 178.000000 215.000000 0 157.000000 250.000000 0 220.000000 136.000000 0 39.000000 136.000000 0 13.000000 26.000000 0 172.000000 243.000000 0 64.000000 175.000000 0 185.000000 250.000000
00028 10 0 20.000000 202.000000 0 29.000000 213.000000 0 175.000000 243.000000 0 0.000000 240.000000 0 158.000000 251.000000 0 159.000000 251.000000 0 188.000000 251.000000 0 180.000000 215.000000 0 21.000000 134.000000 0 43.000000 139.000000
00029 10 0 18.000000 202.000000 0 27.000000 212.000000 0 156.000000 250.000000 0 220.000000 136.000000 0 184.000000 250.000000 0 0.000000 239.000000 0 172.000000 243.000000 0 167.000000 255.000000 0 120.000000 246.000000 0 248.000000 172.000000
00030 10 0 17.000000 204.000000 0 27.000000 217.000000 0 26.000000 215.000000 0 27.000000 218.000000 0 248.000000 175.000000 0 219.000000 140.000000 0 40.000000 141.000000 0 15.000000 31.000000 0 155.000000 253.000000 0 12.000000 28.000000
00031 10 0 20.000000 202.000000 0 30.000000 216.000000 0 159.000000 252.000000 0 188.000000 253.000000 0 0.000000 241.000000 0 44.000000 141.000000 0 223.000000 125.000000 0 175.000000 245.000000 0 173.000000 252.000000 0 251.000000 174.000000
00032 10 0 17.000000 202.000000 0 26.000000 213.000000 0 155.000000 251.000000 0 40.000000 140.000000 0 18.000000 135.000000 0 184.000000 251.000000 0 169.000000 251.000000 0 171.000000 243.000000 0 176.000000 215.000000 0 8.000000 239.000000
00033 10 0 19.000000 200.000000 0 21.000000 203.000000 0 29.000000 213.000000 0 159.000000 251.000000 0 15.000000 24.000000 0 0.000000 240.000000 0 180.000000 215.000000 0 174.000000 243.000000 0 187.000000 251.000000 0 222.000000 137.000000
00034 10 0 18.000000 202.000000 0 26.000000 213.000000 0 247.000000 173.000000 0 171.000000 243.000000 0 177.000000 216.000000 0 155.000000 251.000000 0 18.000000 135.000000 0 12.000000 26.000000 0 208.000000 151.000000 0 184.000000 251.000000
00035 10 0 16.000000 203.000000 0 26.000000 215.000000 0 170.000000 245.000000 0 247.000000 175.000000 0 39.000000 141.000000 0 155.000000 252.000000 0 66.000000 175.000000 0 165.000000 253.000000 0 169.000000 252.000000 0 164.000000 253.000000
00036 10 0 16.000000 201.000000 0 26.000000 213.000000 0 27.000000 213.000000 0 26.000000 212.000000 0 167.000000 253.000000 0 18.000000 135.000000 0 176.000000 215.000000 0 155.000000 250.000000 0 39.000000 139.000000 0 13.000000 28.000000
00037 10 0 18.000000 202.000000 0 27.000000 213.000000 0 26.000000 213.000000 0 12.000000 25.000000 0 172.000000 243.000000 0 40.000000 139.000000 0 155.000000 250.000000 0 167.000000 255.000000 0 184.000000 251.000000 0 207.000000 152.000000
00038 10 0 19.000000 202.000000 0 28.000000 212.000000 0 157.000000 250.000000 0 173.000000 242.000000 0 186.000000 250.000000 0 178.000000 214.000000 0 170.000000 249.000000 0 135.000000 160.000000 0 18.000000 136.000000 0 0.000000 238.000000
00039 10 0 20.000000 205.000000 0 29.000000 216.000000 0 0.000000 242.000000 0 159.000000 254.000000 0 158.000000 253.000000 0 180.000000 218.000000 0 223.000000 140.000000 0 17.000000 32.000000 0 43.000000 142.000000 0 43.000000 143.000000
00040 10 0 19.000000 205.000000 0 28.000000 215.000000 0 29.000000 218.000000 0 15.000000 29.000000 0 173.000000 247.000000 0 249.000000 176.000000 0 40.000000 141.000000 0 173.000000 254.000000 0 0.000000 242.000000 0 186.000000 254.000000
00041 10 0 17.000000 204.000000 0 16.000000 203.000000 0 26.000000 216.000000 0 26.000000 214.000000 0 247.000000 176.000000 0 184.000000 252.000000 0 40.000000 141.000000 0 155.000000 252.000000 0 176.000000 215.000000 0 171.000000 245.000000
00042 10 0 16.000000 203.000000 0 26.000000 215.000000 0 171.000000 245.000000 0 39.000000 141.000000 0 247.000000 175.000000 0 154.000000 253.000000 0 219.000000 139.000000 0 183.000000 253.000000 0 219.000000 125.000000 0 170.000000 253.000000
00043 10 0 18.000000 205.000000 0 26.000000 215.000000 0 12.000000 29.000000 0 247.000000 175.000000 0 40.000000 141.000000 0 165.000000 255.000000 0 176.000000 218.000000 0 167.000000 252.000000 0 208.000000 154.000000 0 155.000000 253.000000
00044 10 0 19.000000 205.000000 0 28.000000 216.000000 0 42.000000 143.000000 0 173.000000 247.000000 0 186.000000 254.000000 0 157.000000 254.000000 0 15.000000 32.000000 0 178.000000 218.000000 0 223.000000 127.000000 0 0.000000 243.000000
00045 10 0 18.000000 200.000000 0 28.000000 212.000000 0 173.000000 242.000000 0 38.000000 136.000000 0 19.000000 135.000000 0 186.000000 250.000000 0 156.000000 250.000000 0 0.000000 241.000000 0 178.000000 215.000000 0 220.000000 136.000000
00046 10 0 16.000000 201.000000 0 26.000000 213.000000 0 154.000000 250.000000 0 177.000000 215.000000 0 13.000000 24.000000 0 8.000000 239.000000 0 40.000000 139.000000 0 171.000000 251.000000 0 247.000000 172.000000 0 1.000000 240.000000
00047 10 0 20.000000 205.000000 0 29.000000 216.000000 0 186.000000 254.000000 0 250.000000 175.000000 0 157.000000 254.000000 0 179.000000 217.000000 0 14.000000 28.000000 0 171.000000 253.000000 0 43.000000 143.000000 0 16.000000 33.000000
00048 10 0 18.000000 205.000000 0 27.000000 216.000000 0 40.000000 142.000000 0 155.000000 253.000000 0 18.000000 138.000000 0 171.000000 253.000000 0 184.000000 254.000000 0 176.000000 218.000000 0 37.000000 239.000000 0 8.000000 242.000000
00049 10 0 18.000000 205.000000 0 27.000000 216.000000 0 156.000000 254.000000 0 172.000000 247.000000 0 185.000000 254.000000 0 178.000000 218.000000 0 171.000000 254.000000 0 39.000000 239.000000 0 208.000000 155.000000 0 136.000000 165.000000
00050 10 0 17.000000 204.000000 0 26.000000 215.000000 0 155.000000 253.000000 0 247.000000 175.000000 0 184.000000 253.000000 0 171.000000 245.000000 0 168.000000 252.000000 0 177.000000 217.000000 0 165.000000 255.000000 0 9.000000 241.000000
