00001 10 0 119.000000 56.000000 0 92.000000 1.000000 0 212.000000 156.000000 0 239.000000 168.000000 0 236.000000 168.000000 0 238.000000 168.000000 0 237.000000 168.000000 0 96.000000 51.000000 0 96.000000 52.000000 0 61.000000 47.000000
00002 10 0 232.000000 168.000000 0 96.000000 51.000000 0 112.000000 56.000000 0 149.000000 71.000000 0 95.000000 48.000000 0 236.000000 170.000000 0 236.000000 169.000000 0 212.000000 157.000000 0 90.000000 1.000000 0 94.000000 1.000000
00003 10 0 91.000000 0.000000 0 210.000000 156.000000 0 235.000000 169.000000 0 236.000000 169.000000 0 96.000000 51.000000 0 82.000000 48.000000 0 83.000000 48.000000 0 91.000000 36.000000 0 149.000000 71.000000 0 109.000000 29.000000
00004 10 0 234.000000 168.000000 0 93.000000 0.000000 0 64.000000 47.000000 0 240.000000 167.000000 0 96.000000 35.000000 0 79.000000 8.000000 0 111.000000 29.000000 0 212.000000 154.000000 0 119.000000 52.000000 0 96.000000 49.000000
00005 10 0 96.000000 48.000000 0 92.000000 2.000000 0 101.000000 53.000000 0 97.000000 52.000000 0 112.000000 84.000000 0 177.000000 87.000000 0 232.000000 165.000000 0 90.000000 37.000000 0 91.000000 37.000000 0 176.000000 83.000000
00006 10 0 64.000000 113.000000 0 240.000000 167.000000 0 63.000000 48.000000 0 235.000000 168.000000 0 234.000000 168.000000 0 234.000000 136.000000 0 95.000000 47.000000 0 211.000000 155.000000 0 108.000000 58.000000 0 224.000000 163.000000
00007 10 0 95.000000 47.000000 0 95.000000 0.000000 0 114.000000 85.000000 0 237.000000 168.000000 0 93.000000 35.000000 0 160.000000 77.000000 0 99.000000 51.000000 0 98.000000 52.000000 0 118.000000 53.000000 0 99.000000 52.000000
00008 10 0 92.000000 0.000000 0 95.000000 48.000000 0 148.000000 69.000000 0 211.000000 155.000000 0 234.000000 168.000000 0 95.000000 36.000000 0 111.000000 31.000000 0 136.000000 72.000000 0 136.000000 73.000000 0 137.000000 72.000000
00009 10 0 93.000000 1.000000 0 212.000000 157.000000 0 141.000000 71.000000 0 117.000000 53.000000 0 59.000000 45.000000 0 242.000000 167.000000 0 235.000000 169.000000 0 235.000000 168.000000 0 96.000000 50.000000 0 97.000000 50.000000
00010 10 0 210.000000 156.000000 0 91.000000 0.000000 0 96.000000 48.000000 0 96.000000 36.000000 0 234.000000 168.000000 0 143.000000 65.000000 0 64.000000 49.000000 0 96.000000 51.000000 0 90.000000 36.000000 0 148.000000 72.000000
00011 10 0 93.000000 0.000000 0 97.000000 49.000000 0 119.000000 52.000000 0 118.000000 52.000000 0 235.000000 167.000000 0 98.000000 36.000000 0 120.000000 55.000000 0 213.000000 156.000000 0 94.000000 46.000000 0 240.000000 163.000000
00012 10 0 212.000000 155.000000 0 85.000000 47.000000 0 92.000000 0.000000 0 99.000000 51.000000 0 103.000000 53.000000 0 96.000000 48.000000 0 235.000000 166.000000 0 111.000000 29.000000 0 144.000000 64.000000 0 240.000000 167.000000
00013 10 0 92.000000 0.000000 0 235.000000 168.000000 0 93.000000 47.000000 0 141.000000 72.000000 0 97.000000 35.000000 0 96.000000 47.000000 0 111.000000 30.000000 0 231.000000 164.000000 0 239.000000 168.000000 0 213.000000 155.000000
00014 10 0 138.000000 72.000000 0 211.000000 155.000000 0 119.000000 55.000000 0 97.000000 48.000000 0 104.000000 39.000000 0 98.000000 52.000000 0 47.000000 30.000000 0 234.000000 167.000000 0 90.000000 1.000000 0 117.000000 52.000000
00015 10 0 234.000000 167.000000 0 240.000000 170.000000 0 213.000000 156.000000 0 93.000000 0.000000 0 147.000000 82.000000 0 98.000000 51.000000 0 139.000000 74.000000 0 138.000000 74.000000 0 47.000000 31.000000 0 95.000000 49.000000
00016 10 0 92.000000 2.000000 0 103.000000 40.000000 0 146.000000 66.000000 0 232.000000 167.000000 0 95.000000 50.000000 0 100.000000 53.000000 0 211.000000 157.000000 0 83.000000 48.000000 0 210.000000 157.000000 0 95.000000 39.000000
00017 10 0 119.000000 56.000000 0 92.000000 1.000000 0 211.000000 156.000000 0 97.000000 36.000000 0 100.000000 54.000000 0 97.000000 48.000000 0 96.000000 52.000000 0 114.000000 85.000000 0 120.000000 53.000000 0 94.000000 48.000000
00018 10 0 93.000000 0.000000 0 99.000000 52.000000 0 96.000000 46.000000 0 112.000000 82.000000 0 111.000000 27.000000 0 63.000000 46.000000 0 236.000000 168.000000 0 235.000000 166.000000 0 234.000000 166.000000 0 240.000000 169.000000
00019 10 0 234.000000 168.000000 0 95.000000 48.000000 0 113.000000 55.000000 0 114.000000 55.000000 0 138.000000 74.000000 0 111.000000 82.000000 0 91.000000 2.000000 0 117.000000 55.000000 0 118.000000 55.000000 0 237.000000 171.000000
00020 10 0 95.000000 48.000000 0 94.000000 48.000000 0 136.000000 75.000000 0 92.000000 2.000000 0 211.000000 157.000000 0 120.000000 56.000000 0 144.000000 74.000000 0 97.000000 52.000000 0 98.000000 51.000000 0 235.000000 169.000000
00021 10 0 61.000000 47.000000 0 234.000000 168.000000 0 103.000000 39.000000 0 210.000000 156.000000 0 96.000000 51.000000 0 160.000000 79.000000 0 119.000000 56.000000 0 90.000000 2.000000 0 94.000000 47.000000 0 83.000000 48.000000
00022 10 0 92.000000 0.000000 0 210.000000 156.000000 0 96.000000 52.000000 0 96.000000 48.000000 0 136.000000 75.000000 0 233.000000 135.000000 0 90.000000 36.000000 0 112.000000 84.000000 0 232.000000 167.000000 0 239.000000 168.000000
00023 10 0 211.000000 156.000000 0 91.000000 47.000000 0 58.000000 44.000000 0 95.000000 47.000000 0 234.000000 168.000000 0 91.000000 1.000000 0 96.000000 50.000000 0 96.000000 51.000000 0 83.000000 48.000000 0 135.000000 65.000000
00024 10 0 135.000000 72.000000 0 95.000000 47.000000 0 95.000000 46.000000 0 108.000000 56.000000 0 93.000000 0.000000 0 237.000000 170.000000 0 211.000000 156.000000 0 211.000000 155.000000 0 232.000000 166.000000 0 96.000000 50.000000
00025 10 0 92.000000 1.000000 0 234.000000 168.000000 0 103.000000 54.000000 0 91.000000 36.000000 0 135.000000 74.000000 0 100.000000 51.000000 0 211.000000 156.000000 0 115.000000 53.000000 0 112.000000 56.000000 0 59.000000 45.000000
00026 10 0 234.000000 166.000000 0 233.000000 166.000000 0 95.000000 46.000000 0 234.000000 167.000000 0 233.000000 167.000000 0 95.000000 0.000000 0 148.000000 69.000000 0 149.000000 69.000000 0 255.000000 183.000000 0 91.000000 0.000000
00027 10 0 210.000000 156.000000 0 94.000000 48.000000 0 99.000000 53.000000 0 232.000000 167.000000 0 91.000000 0.000000 0 136.000000 71.000000 0 95.000000 36.000000 0 83.000000 47.000000 0 237.000000 169.000000 0 112.000000 85.000000
00028 10 0 96.000000 51.000000 0 96.000000 50.000000 0 240.000000 169.000000 0 213.000000 157.000000 0 112.000000 83.000000 0 114.000000 86.000000 0 228.000000 164.000000 0 120.000000 64.000000 0 234.000000 167.000000 0 141.000000 74.000000
00029 10 0 93.000000 2.000000 0 239.000000 170.000000 0 97.000000 51.000000 0 63.000000 47.000000 0 117.000000 53.000000 0 213.000000 156.000000 0 93.000000 37.000000 0 164.000000 79.000000 0 176.000000 87.000000 0 234.000000 167.000000
00030 10 0 96.000000 48.000000 0 138.000000 71.000000 0 232.000000 168.000000 0 236.000000 169.000000 0 64.000000 48.000000 0 116.000000 55.000000 0 143.000000 72.000000 0 92.000000 0.000000 0 93.000000 0.000000 0 136.000000 64.000000
00031 10 0 91.000000 0.000000 0 235.000000 168.000000 0 96.000000 35.000000 0 97.000000 50.000000 0 211.000000 156.000000 0 212.000000 156.000000 0 135.000000 64.000000 0 95.000000 2.000000 0 242.000000 170.000000 0 84.000000 47.000000
00032 10 0 213.000000 156.000000 0 93.000000 0.000000 0 63.000000 47.000000 0 235.000000 167.000000 0 99.000000 37.000000 0 139.000000 73.000000 0 139.000000 74.000000 0 231.000000 165.000000 0 97.000000 48.000000 0 101.000000 52.000000
00033 10 0 235.000000 167.000000 0 93.000000 0.000000 0 93.000000 1.000000 0 242.000000 166.000000 0 96.000000 39.000000 0 213.000000 155.000000 0 213.000000 156.000000 0 93.000000 35.000000 0 85.000000 48.000000 0 98.000000 51.000000
00034 10 0 212.000000 157.000000 0 232.000000 167.000000 0 93.000000 2.000000 0 62.000000 47.000000 0 97.000000 48.000000 0 236.000000 170.000000 0 235.000000 169.000000 0 119.000000 56.000000 0 98.000000 36.000000 0 115.000000 56.000000
00035 10 0 97.000000 48.000000 0 93.000000 0.000000 0 98.000000 51.000000 0 105.000000 39.000000 0 135.000000 63.000000 0 236.000000 167.000000 0 92.000000 46.000000 0 103.000000 31.000000 0 60.000000 43.000000 0 138.000000 72.000000
00036 10 0 136.000000 71.000000 0 92.000000 0.000000 0 234.000000 169.000000 0 210.000000 156.000000 0 232.000000 165.000000 0 63.000000 48.000000 0 213.000000 156.000000 0 96.000000 50.000000 0 96.000000 49.000000 0 240.000000 168.000000
00037 10 0 95.000000 48.000000 0 94.000000 48.000000 0 96.000000 51.000000 0 140.000000 71.000000 0 139.000000 71.000000 0 112.000000 85.000000 0 136.000000 71.000000 0 233.000000 168.000000 0 136.000000 74.000000 0 231.000000 164.000000
00038 10 0 93.000000 0.000000 0 212.000000 156.000000 0 59.000000 44.000000 0 60.000000 44.000000 0 96.000000 47.000000 0 101.000000 53.000000 0 102.000000 53.000000 0 235.000000 166.000000 0 98.000000 36.000000 0 98.000000 50.000000
00039 10 0 95.000000 0.000000 0 95.000000 47.000000 0 237.000000 168.000000 0 91.000000 0.000000 0 92.000000 0.000000 0 115.000000 55.000000 0 98.000000 50.000000 0 104.000000 40.000000 0 213.000000 155.000000 0 114.000000 85.000000
00040 10 0 104.000000 40.000000 0 232.000000 165.000000 0 96.000000 47.000000 0 99.000000 53.000000 0 100.000000 53.000000 0 110.000000 30.000000 0 231.000000 168.000000 0 234.000000 169.000000 0 88.000000 45.000000 0 91.000000 2.000000
00041 10 0 93.000000 1.000000 0 96.000000 48.000000 0 116.000000 55.000000 0 114.000000 84.000000 0 85.000000 48.000000 0 236.000000 167.000000 0 239.000000 168.000000 0 121.000000 54.000000 0 123.000000 51.000000 0 121.000000 51.000000
00042 10 0 93.000000 1.000000 0 232.000000 167.000000 0 96.000000 49.000000 0 63.000000 47.000000 0 93.000000 38.000000 0 213.000000 157.000000 0 120.000000 63.000000 0 114.000000 86.000000 0 138.000000 75.000000 0 112.000000 31.000000
00043 10 0 96.000000 46.000000 0 92.000000 0.000000 0 104.000000 39.000000 0 114.000000 56.000000 0 60.000000 43.000000 0 100.000000 52.000000 0 136.000000 71.000000 0 141.000000 72.000000 0 239.000000 168.000000 0 91.000000 35.000000
00044 10 0 104.000000 39.000000 0 91.000000 0.000000 0 97.000000 34.000000 0 97.000000 47.000000 0 98.000000 48.000000 0 211.000000 155.000000 0 235.000000 167.000000 0 65.000000 49.000000 0 112.000000 83.000000 0 239.000000 166.000000
00045 10 0 93.000000 2.000000 0 113.000000 85.000000 0 100.000000 53.000000 0 139.000000 67.000000 0 95.000000 47.000000 0 210.000000 157.000000 0 211.000000 157.000000 0 95.000000 37.000000 0 233.000000 167.000000 0 239.000000 167.000000
00046 10 0 91.000000 0.000000 0 92.000000 0.000000 0 136.000000 71.000000 0 234.000000 169.000000 0 94.000000 47.000000 0 210.000000 156.000000 0 175.000000 87.000000 0 108.000000 29.000000 0 140.000000 71.000000 0 116.000000 55.000000
00047 10 0 96.000000 50.000000 0 94.000000 47.000000 0 234.000000 167.000000 0 91.000000 0.000000 0 99.000000 50.000000 0 212.000000 155.000000 0 135.000000 74.000000 0 141.000000 71.000000 0 255.000000 184.000000 0 138.000000 70.000000
00048 10 0 93.000000 2.000000 0 96.000000 50.000000 0 149.000000 71.000000 0 101.000000 53.000000 0 64.000000 48.000000 0 211.000000 157.000000 0 240.000000 168.000000 0 212.000000 157.000000 0 60.000000 46.000000 0 234.000000 169.000000
00049 10 0 212.000000 155.000000 0 96.000000 47.000000 0 236.000000 167.000000 0 99.000000 51.000000 0 95.000000 35.000000 0 93.000000 47.000000 0 95.000000 8.000000 0 93.000000 0.000000 0 122.000000 56.000000 0 150.000000 72.000000
00050 10 0 47.000000 32.000000 0 96.000000 51.000000 0 210.000000 156.000000 0 211.000000 156.000000 0 93.000000 49.000000 0 95.000000 39.000000 0 149.000000 71.000000 0 136.000000 75.000000 0 92.000000 2.000000 0 136.000000 71.000000
