00001 10 0 255.000000 238.000000 0 255.000000 228.000000 0 247.000000 226.000000 0 247.000000 237.000000 0 255.000000 224.000000 0 242.000000 240.000000 0 31.000000 213.000000 0 74.000000 24.000000 0 79.000000 188.000000 0 71.000000 205.000000
00002 10 0 255.000000 239.000000 0 71.000000 205.000000 0 255.000000 224.000000 0 255.000000 227.000000 0 255.000000 228.000000 0 247.000000 226.000000 0 231.000000 215.000000 0 247.000000 220.000000 0 242.000000 240.000000 0 79.000000 188.000000
00003 10 0 255.000000 239.000000 0 255.000000 227.000000 0 71.000000 205.000000 0 242.000000 240.000000 0 247.000000 224.000000 0 250.000000 232.000000 0 31.000000 213.000000 0 79.000000 188.000000 0 228.000000 213.000000 0 247.000000 220.000000
00004 10 0 255.000000 239.000000 0 71.000000 205.000000 0 247.000000 224.000000 0 255.000000 227.000000 0 79.000000 188.000000 0 247.000000 237.000000 0 74.000000 24.000000 0 251.000000 237.000000 0 247.000000 220.000000 0 31.000000 213.000000
00005 10 0 71.000000 205.000000 0 255.000000 238.000000 0 255.000000 239.000000 0 242.000000 240.000000 0 255.000000 227.000000 0 247.000000 220.000000 0 54.000000 229.000000 0 31.000000 213.000000 0 79.000000 188.000000 0 247.000000 226.000000
00006 10 0 71.000000 205.000000 0 255.000000 238.000000 0 247.000000 226.000000 0 255.000000 239.000000 0 79.000000 188.000000 0 255.000000 226.000000 0 242.000000 240.000000 0 217.000000 222.000000 0 247.000000 220.000000 0 243.000000 194.000000
00007 10 0 255.000000 239.000000 0 242.000000 240.000000 0 31.000000 213.000000 0 255.000000 226.000000 0 71.000000 205.000000 0 247.000000 226.000000 0 251.000000 229.000000 0 230.000000 215.000000 0 79.000000 188.000000 0 247.000000 220.000000
00008 10 0 255.000000 239.000000 0 247.000000 226.000000 0 71.000000 205.000000 0 255.000000 227.000000 0 250.000000 232.000000 0 242.000000 240.000000 0 247.000000 220.000000 0 79.000000 188.000000 0 252.000000 228.000000 0 55.000000 229.000000
00009 10 0 255.000000 239.000000 0 71.000000 205.000000 0 242.000000 240.000000 0 247.000000 226.000000 0 250.000000 232.000000 0 255.000000 227.000000 0 247.000000 220.000000 0 255.000000 223.000000 0 55.000000 229.000000 0 79.000000 188.000000
00010 10 0 255.000000 239.000000 0 71.000000 205.000000 0 255.000000 228.000000 0 242.000000 240.000000 0 255.000000 224.000000 0 247.000000 220.000000 0 228.000000 213.000000 0 248.000000 224.000000 0 79.000000 188.000000 0 74.000000 24.000000
00011 10 0 255.000000 239.000000 0 71.000000 205.000000 0 247.000000 226.000000 0 242.000000 240.000000 0 255.000000 228.000000 0 252.000000 227.000000 0 255.000000 227.000000 0 31.000000 213.000000 0 74.000000 24.000000 0 250.000000 232.000000
00012 10 0 254.000000 239.000000 0 71.000000 205.000000 0 255.000000 227.000000 0 255.000000 226.000000 0 242.000000 240.000000 0 247.000000 226.000000 0 247.000000 220.000000 0 228.000000 213.000000 0 248.000000 232.000000 0 55.000000 229.000000
00013 10 0 255.000000 239.000000 0 247.000000 226.000000 0 71.000000 205.000000 0 229.000000 214.000000 0 242.000000 240.000000 0 255.000000 227.000000 0 78.000000 188.000000 0 55.000000 225.000000 0 255.000000 223.000000 0 31.000000 213.000000
00014 10 0 255.000000 238.000000 0 71.000000 205.000000 0 255.000000 228.000000 0 247.000000 226.000000 0 251.000000 231.000000 0 242.000000 240.000000 0 231.000000 215.000000 0 247.000000 220.000000 0 252.000000 226.000000 0 74.000000 24.000000
00015 10 0 255.000000 238.000000 0 255.000000 237.000000 0 255.000000 226.000000 0 71.000000 205.000000 0 231.000000 215.000000 0 250.000000 232.000000 0 247.000000 226.000000 0 74.000000 24.000000 0 78.000000 188.000000 0 55.000000 225.000000
00016 10 0 255.000000 239.000000 0 71.000000 205.000000 0 252.000000 226.000000 0 231.000000 215.000000 0 255.000000 228.000000 0 31.000000 213.000000 0 251.000000 231.000000 0 247.000000 226.000000 0 255.000000 224.000000 0 247.000000 237.000000
00017 10 0 254.000000 238.000000 0 247.000000 226.000000 0 255.000000 228.000000 0 79.000000 188.000000 0 255.000000 224.000000 0 242.000000 240.000000 0 70.000000 205.000000 0 228.000000 213.000000 0 247.000000 220.000000 0 55.000000 225.000000
00018 10 0 255.000000 239.000000 0 71.000000 205.000000 0 255.000000 227.000000 0 247.000000 226.000000 0 250.000000 232.000000 0 78.000000 188.000000 0 31.000000 213.000000 0 231.000000 215.000000 0 252.000000 224.000000 0 242.000000 240.000000
00019 10 0 254.000000 238.000000 0 231.000000 215.000000 0 71.000000 205.000000 0 242.000000 240.000000 0 255.000000 227.000000 0 79.000000 188.000000 0 247.000000 237.000000 0 247.000000 224.000000 0 74.000000 24.000000 0 252.000000 227.000000
00020 10 0 255.000000 238.000000 0 71.000000 205.000000 0 255.000000 227.000000 0 230.000000 214.000000 0 229.000000 214.000000 0 242.000000 240.000000 0 79.000000 188.000000 0 54.000000 229.000000 0 247.000000 226.000000 0 247.000000 237.000000
00021 10 0 255.000000 238.000000 0 247.000000 224.000000 0 71.000000 205.000000 0 245.000000 192.000000 0 252.000000 226.000000 0 255.000000 228.000000 0 74.000000 24.000000 0 247.000000 237.000000 0 79.000000 188.000000 0 247.000000 220.000000
00022 10 0 71.000000 205.000000 0 255.000000 239.000000 0 254.000000 238.000000 0 254.000000 239.000000 0 255.000000 227.000000 0 255.000000 228.000000 0 247.000000 226.000000 0 74.000000 24.000000 0 247.000000 220.000000 0 31.000000 213.000000
00023 10 0 255.000000 239.000000 0 71.000000 205.000000 0 31.000000 213.000000 0 255.000000 228.000000 0 79.000000 188.000000 0 255.000000 224.000000 0 242.000000 240.000000 0 250.000000 232.000000 0 247.000000 220.000000 0 247.000000 226.000000
00024 10 0 255.000000 239.000000 0 254.000000 238.000000 0 254.000000 239.000000 0 71.000000 205.000000 0 255.000000 227.000000 0 249.000000 232.000000 0 247.000000 226.000000 0 230.000000 215.000000 0 79.000000 188.000000 0 247.000000 220.000000
00025 10 0 254.000000 239.000000 0 247.000000 226.000000 0 78.000000 188.000000 0 247.000000 220.000000 0 247.000000 237.000000 0 228.000000 213.000000 0 74.000000 24.000000 0 31.000000 213.000000 0 255.000000 225.000000 0 54.000000 229.000000
00026 10 0 255.000000 239.000000 0 247.000000 226.000000 0 247.000000 225.000000 0 255.000000 228.000000 0 228.000000 213.000000 0 229.000000 214.000000 0 247.000000 220.000000 0 255.000000 224.000000 0 247.000000 237.000000 0 74.000000 24.000000
00027 10 0 255.000000 239.000000 0 255.000000 228.000000 0 71.000000 205.000000 0 252.000000 228.000000 0 230.000000 214.000000 0 79.000000 188.000000 0 229.000000 214.000000 0 250.000000 232.000000 0 247.000000 226.000000 0 247.000000 237.000000
00028 10 0 254.000000 239.000000 0 255.000000 228.000000 0 247.000000 226.000000 0 255.000000 224.000000 0 71.000000 205.000000 0 78.000000 188.000000 0 74.000000 24.000000 0 242.000000 240.000000 0 247.000000 220.000000 0 31.000000 213.000000
00029 10 0 255.000000 239.000000 0 255.000000 238.000000 0 247.000000 226.000000 0 71.000000 205.000000 0 79.000000 188.000000 0 242.000000 240.000000 0 255.000000 227.000000 0 74.000000 24.000000 0 245.000000 231.000000 0 247.000000 220.000000
00030 10 0 255.000000 239.000000 0 71.000000 205.000000 0 242.000000 240.000000 0 247.000000 226.000000 0 247.000000 225.000000 0 255.000000 228.000000 0 247.000000 237.000000 0 31.000000 213.000000 0 79.000000 188.000000 0 228.000000 213.000000
00031 10 0 255.000000 239.000000 0 71.000000 205.000000 0 247.000000 226.000000 0 255.000000 227.000000 0 74.000000 24.000000 0 250.000000 232.000000 0 31.000000 213.000000 0 79.000000 188.000000 0 247.000000 220.000000 0 242.000000 240.000000
00032 10 0 71.000000 205.000000 0 255.000000 238.000000 0 255.000000 239.000000 0 250.000000 232.000000 0 255.000000 227.000000 0 247.000000 226.000000 0 79.000000 188.000000 0 231.000000 215.000000 0 74.000000 24.000000 0 55.000000 229.000000
00033 10 0 255.000000 239.000000 0 71.000000 205.000000 0 255.000000 228.000000 0 255.000000 224.000000 0 255.000000 227.000000 0 247.000000 226.000000 0 250.000000 232.000000 0 228.000000 213.000000 0 31.000000 213.000000 0 74.000000 24.000000
00034 10 0 255.000000 238.000000 0 255.000000 239.000000 0 71.000000 205.000000 0 247.000000 226.000000 0 252.000000 228.000000 0 255.000000 228.000000 0 247.000000 220.000000 0 78.000000 188.000000 0 255.000000 224.000000 0 242.000000 239.000000
00035 10 0 255.000000 239.000000 0 247.000000 224.000000 0 255.000000 227.000000 0 231.000000 215.000000 0 79.000000 188.000000 0 242.000000 240.000000 0 250.000000 232.000000 0 71.000000 205.000000 0 247.000000 220.000000 0 247.000000 237.000000
00036 10 0 255.000000 239.000000 0 71.000000 205.000000 0 255.000000 227.000000 0 247.000000 226.000000 0 247.000000 237.000000 0 79.000000 188.000000 0 250.000000 232.000000 0 249.000000 232.000000 0 242.000000 239.000000 0 31.000000 213.000000
00037 10 0 254.000000 239.000000 0 71.000000 205.000000 0 79.000000 188.000000 0 250.000000 237.000000 0 247.000000 220.000000 0 255.000000 224.000000 0 247.000000 226.000000 0 255.000000 227.000000 0 241.000000 240.000000 0 248.000000 232.000000
00038 10 0 255.000000 239.000000 0 71.000000 205.000000 0 255.000000 228.000000 0 242.000000 240.000000 0 255.000000 223.000000 0 247.000000 226.000000 0 231.000000 215.000000 0 252.000000 227.000000 0 31.000000 213.000000 0 247.000000 220.000000
00039 10 0 255.000000 239.000000 0 71.000000 205.000000 0 79.000000 188.000000 0 252.000000 226.000000 0 255.000000 228.000000 0 247.000000 226.000000 0 255.000000 224.000000 0 241.000000 240.000000 0 74.000000 24.000000 0 250.000000 232.000000
00040 10 0 255.000000 239.000000 0 247.000000 226.000000 0 71.000000 205.000000 0 255.000000 227.000000 0 250.000000 232.000000 0 79.000000 188.000000 0 242.000000 240.000000 0 247.000000 220.000000 0 54.000000 229.000000 0 228.000000 213.000000
00041 10 0 255.000000 239.000000 0 71.000000 205.000000 0 255.000000 228.000000 0 255.000000 224.000000 0 31.000000 213.000000 0 252.000000 226.000000 0 251.000000 231.000000 0 250.000000 232.000000 0 247.000000 220.000000 0 79.000000 188.000000
00042 10 0 255.000000 239.000000 0 71.000000 205.000000 0 255.000000 227.000000 0 241.000000 240.000000 0 242.000000 240.000000 0 231.000000 215.000000 0 74.000000 24.000000 0 79.000000 188.000000 0 250.000000 237.000000 0 247.000000 226.000000
00043 10 0 255.000000 239.000000 0 71.000000 205.000000 0 255.000000 224.000000 0 79.000000 188.000000 0 255.000000 228.000000 0 247.000000 220.000000 0 74.000000 24.000000 0 229.000000 215.000000 0 252.000000 228.000000 0 31.000000 213.000000
00044 10 0 255.000000 239.000000 0 71.000000 205.000000 0 55.000000 225.000000 0 79.000000 188.000000 0 255.000000 227.000000 0 242.000000 240.000000 0 250.000000 232.000000 0 228.000000 213.000000 0 54.000000 229.000000 0 247.000000 226.000000
00045 10 0 254.000000 239.000000 0 255.000000 239.000000 0 71.000000 205.000000 0 255.000000 226.000000 0 247.000000 225.000000 0 247.000000 220.000000 0 74.000000 24.000000 0 229.000000 214.000000 0 242.000000 240.000000 0 228.000000 213.000000
00046 10 0 255.000000 238.000000 0 255.000000 239.000000 0 71.000000 205.000000 0 255.000000 226.000000 0 231.000000 215.000000 0 247.000000 226.000000 0 79.000000 188.000000 0 242.000000 240.000000 0 247.000000 220.000000 0 74.000000 24.000000
00047 10 0 254.000000 238.000000 0 71.000000 205.000000 0 242.000000 240.000000 0 79.000000 188.000000 0 228.000000 214.000000 0 229.000000 214.000000 0 31.000000 213.000000 0 255.000000 227.000000 0 74.000000 24.000000 0 247.000000 220.000000
00048 10 0 254.000000 239.000000 0 71.000000 205.000000 0 242.000000 240.000000 0 255.000000 227.000000 0 55.000000 224.000000 0 55.000000 225.000000 0 247.000000 226.000000 0 228.000000 213.000000 0 247.000000 220.000000 0 250.000000 237.000000
00049 10 0 254.000000 238.000000 0 79.000000 188.000000 0 71.000000 205.000000 0 247.000000 226.000000 0 255.000000 227.000000 0 247.000000 220.000000 0 54.000000 229.000000 0 228.000000 213.000000 0 74.000000 24.000000 0 252.000000 228.000000
00050 10 0 255.000000 239.000000 0 255.000000 229.000000 0 71.000000 205.000000 0 252.000000 227.000000 0 252.000000 226.000000 0 247.000000 226.000000 0 79.000000 188.000000 0 231.000000 215.000000 0 247.000000 220.000000 0 74.000000 24.000000
