00001 1 0 213.000000 94.000000
00002 2 0 212.000000 93.000000 0 196.000000 86.000000
00003 1 0 213.000000 92.000000
00004 1 0 214.000000 92.000000
00005 2 0 215.000000 93.000000 0 200.000000 85.000000
00006 1 0 211.000000 94.000000
00007 1 0 213.000000 92.000000
00008 2 0 214.000000 92.000000 0 213.000000 92.000000
00009 2 0 215.000000 93.000000 0 200.000000 85.000000
00010 2 0 215.000000 94.000000 0 200.000000 87.000000
00011 2 0 215.000000 94.000000 0 200.000000 87.000000
00012 1 0 214.000000 96.000000
00013 1 0 212.000000 92.000000
00014 1 0 211.000000 95.000000
00015 2 0 215.000000 95.000000 0 200.000000 88.000000
00016 2 0 211.000000 95.000000 0 195.000000 88.000000
00017 1 0 215.000000 94.000000
00018 2 0 215.000000 93.000000 0 200.000000 86.000000
00019 1 0 212.000000 96.000000
00020 1 0 212.000000 92.000000
00021 2 0 212.000000 93.000000 0 196.000000 86.000000
00022 1 0 211.000000 94.000000
00023 1 0 213.000000 92.000000
00024 1 0 211.000000 95.000000
00025 2 0 214.000000 95.000000 0 200.000000 88.000000
00026 1 0 214.000000 96.000000
00027 2 0 211.000000 93.000000 0 196.000000 86.000000
00028 2 0 215.000000 94.000000 0 200.000000 87.000000
00029 2 0 215.000000 93.000000 0 200.000000 86.000000
00030 1 0 214.000000 96.000000
00031 1 0 215.000000 94.000000
00032 2 0 215.000000 95.000000 0 200.000000 88.000000
00033 1 0 211.000000 93.000000
00034 1 0 214.000000 96.000000
00035 1 0 215.000000 94.000000
00036 1 0 215.000000 93.000000
00037 2 0 215.000000 94.000000 0 200.000000 87.000000
00038 2 0 215.000000 94.000000 0 200.000000 87.000000
00039 1 0 215.000000 93.000000
00040 1 0 211.000000 94.000000
00041 2 0 215.000000 93.000000 0 200.000000 85.000000
00042 1 0 215.000000 95.000000
00043 2 0 211.000000 95.000000 0 197.000000 88.000000
00044 1 0 213.000000 92.000000
00045 2 0 214.000000 95.000000 0 200.000000 88.000000
00046 1 0 213.000000 92.000000
00047 1 0 211.000000 94.000000
00048 1 0 212.000000 92.000000
00049 1 0 215.000000 94.000000
00050 2 0 214.000000 95.000000 0 200.000000 88.000000
