00001 10 0 235.000000 79.000000 0 244.000000 116.000000 0 229.000000 96.000000 0 216.000000 92.000000 0 216.000000 91.000000 0 145.000000 245.000000 0 144.000000 245.000000 0 146.000000 246.000000 0 23.000000 21.000000 0 23.000000 22.000000
00002 10 0 232.000000 79.000000 0 147.000000 244.000000 0 23.000000 20.000000 0 236.000000 77.000000 0 236.000000 76.000000 0 211.000000 99.000000 0 231.000000 96.000000 0 245.000000 113.000000 0 245.000000 114.000000 0 31.000000 8.000000
00003 10 0 243.000000 114.000000 0 233.000000 77.000000 0 234.000000 77.000000 0 215.000000 91.000000 0 144.000000 247.000000 0 21.000000 21.000000 0 144.000000 246.000000 0 20.000000 20.000000 0 208.000000 100.000000 0 228.000000 96.000000
00004 10 0 237.000000 77.000000 0 247.000000 114.000000 0 24.000000 21.000000 0 24.000000 20.000000 0 231.000000 96.000000 0 147.000000 244.000000 0 148.000000 244.000000 0 219.000000 91.000000 0 136.000000 247.000000 0 30.000000 8.000000
00005 10 0 23.000000 24.000000 0 135.000000 250.000000 0 146.000000 248.000000 0 236.000000 80.000000 0 244.000000 118.000000 0 144.000000 247.000000 0 216.000000 95.000000 0 244.000000 117.000000 0 210.000000 103.000000 0 211.000000 103.000000
00006 10 0 234.000000 77.000000 0 235.000000 77.000000 0 144.000000 244.000000 0 243.000000 114.000000 0 23.000000 23.000000 0 216.000000 90.000000 0 179.000000 116.000000 0 20.000000 20.000000 0 20.000000 19.000000 0 228.000000 96.000000
00007 10 0 243.000000 114.000000 0 144.000000 244.000000 0 235.000000 77.000000 0 23.000000 21.000000 0 228.000000 95.000000 0 23.000000 20.000000 0 22.000000 20.000000 0 215.000000 90.000000 0 216.000000 90.000000 0 215.000000 91.000000
00008 10 0 144.000000 248.000000 0 234.000000 80.000000 0 23.000000 24.000000 0 243.000000 117.000000 0 244.000000 117.000000 0 228.000000 99.000000 0 216.000000 95.000000 0 31.000000 12.000000 0 31.000000 3.000000 0 31.000000 2.000000
00009 10 0 147.000000 248.000000 0 147.000000 247.000000 0 237.000000 79.000000 0 24.000000 24.000000 0 245.000000 117.000000 0 245.000000 116.000000 0 246.000000 117.000000 0 183.000000 119.000000 0 231.000000 99.000000 0 245.000000 112.000000
00010 10 0 244.000000 114.000000 0 23.000000 20.000000 0 235.000000 77.000000 0 146.000000 244.000000 0 175.000000 223.000000 0 217.000000 90.000000 0 191.000000 117.000000 0 144.000000 247.000000 0 191.000000 116.000000 0 31.000000 8.000000
00011 10 0 243.000000 114.000000 0 144.000000 244.000000 0 235.000000 77.000000 0 135.000000 247.000000 0 23.000000 21.000000 0 216.000000 90.000000 0 228.000000 96.000000 0 229.000000 96.000000 0 31.000000 8.000000 0 180.000000 116.000000
00012 10 0 21.000000 22.000000 0 234.000000 78.000000 0 234.000000 79.000000 0 143.000000 247.000000 0 242.000000 115.000000 0 243.000000 115.000000 0 188.000000 119.000000 0 228.000000 96.000000 0 227.000000 96.000000 0 230.000000 80.000000
00013 10 0 144.000000 247.000000 0 143.000000 245.000000 0 242.000000 115.000000 0 21.000000 22.000000 0 234.000000 79.000000 0 234.000000 78.000000 0 215.000000 91.000000 0 230.000000 80.000000 0 133.000000 248.000000 0 227.000000 96.000000
00014 10 0 243.000000 114.000000 0 144.000000 244.000000 0 234.000000 77.000000 0 235.000000 76.000000 0 235.000000 77.000000 0 23.000000 20.000000 0 22.000000 20.000000 0 229.000000 96.000000 0 228.000000 96.000000 0 23.000000 21.000000
00015 10 0 144.000000 248.000000 0 235.000000 80.000000 0 228.000000 99.000000 0 243.000000 117.000000 0 244.000000 117.000000 0 23.000000 23.000000 0 208.000000 103.000000 0 215.000000 95.000000 0 216.000000 94.000000 0 31.000000 12.000000
00016 10 0 245.000000 117.000000 0 147.000000 248.000000 0 237.000000 79.000000 0 231.000000 99.000000 0 24.000000 24.000000 0 211.000000 103.000000 0 217.000000 95.000000 0 216.000000 95.000000 0 218.000000 95.000000 0 183.000000 119.000000
00017 10 0 237.000000 79.000000 0 24.000000 22.000000 0 247.000000 116.000000 0 247.000000 115.000000 0 148.000000 246.000000 0 231.000000 96.000000 0 212.000000 101.000000 0 219.000000 92.000000 0 192.000000 119.000000 0 176.000000 224.000000
00018 10 0 243.000000 114.000000 0 244.000000 114.000000 0 144.000000 244.000000 0 235.000000 77.000000 0 228.000000 96.000000 0 23.000000 21.000000 0 231.000000 79.000000 0 216.000000 90.000000 0 175.000000 223.000000 0 135.000000 246.000000
00019 10 0 24.000000 22.000000 0 148.000000 246.000000 0 247.000000 116.000000 0 247.000000 115.000000 0 236.000000 79.000000 0 237.000000 79.000000 0 231.000000 96.000000 0 232.000000 80.000000 0 136.000000 247.000000 0 219.000000 92.000000
00020 10 0 234.000000 78.000000 0 234.000000 79.000000 0 21.000000 22.000000 0 243.000000 115.000000 0 242.000000 115.000000 0 143.000000 247.000000 0 208.000000 100.000000 0 228.000000 96.000000 0 227.000000 96.000000 0 215.000000 91.000000
00021 10 0 144.000000 248.000000 0 243.000000 117.000000 0 244.000000 117.000000 0 234.000000 80.000000 0 23.000000 24.000000 0 216.000000 95.000000 0 31.000000 7.000000 0 179.000000 120.000000 0 208.000000 103.000000 0 31.000000 12.000000
00022 10 0 234.000000 80.000000 0 144.000000 248.000000 0 231.000000 82.000000 0 23.000000 24.000000 0 243.000000 117.000000 0 216.000000 94.000000 0 216.000000 95.000000 0 215.000000 95.000000 0 31.000000 10.000000 0 228.000000 99.000000
00023 10 0 237.000000 77.000000 0 247.000000 114.000000 0 148.000000 244.000000 0 147.000000 244.000000 0 24.000000 20.000000 0 219.000000 91.000000 0 231.000000 96.000000 0 32.000000 8.000000 0 211.000000 100.000000 0 25.000000 8.000000
00024 10 0 247.000000 116.000000 0 147.000000 247.000000 0 24.000000 23.000000 0 237.000000 79.000000 0 183.000000 119.000000 0 231.000000 99.000000 0 212.000000 101.000000 0 219.000000 93.000000 0 176.000000 224.000000 0 137.000000 248.000000
00025 10 0 244.000000 113.000000 0 245.000000 114.000000 0 245.000000 113.000000 0 244.000000 114.000000 0 23.000000 20.000000 0 236.000000 76.000000 0 147.000000 244.000000 0 146.000000 244.000000 0 232.000000 78.000000 0 175.000000 223.000000
00026 10 0 216.000000 95.000000 0 23.000000 23.000000 0 146.000000 248.000000 0 245.000000 117.000000 0 236.000000 80.000000 0 235.000000 81.000000 0 235.000000 79.000000 0 235.000000 80.000000 0 135.000000 250.000000 0 183.000000 119.000000
00027 10 0 24.000000 21.000000 0 148.000000 245.000000 0 231.000000 96.000000 0 247.000000 115.000000 0 238.000000 77.000000 0 237.000000 77.000000 0 247.000000 114.000000 0 239.000000 77.000000 0 220.000000 91.000000 0 219.000000 91.000000
00028 10 0 23.000000 24.000000 0 243.000000 116.000000 0 144.000000 247.000000 0 208.000000 103.000000 0 228.000000 99.000000 0 20.000000 23.000000 0 235.000000 79.000000 0 234.000000 79.000000 0 231.000000 80.000000 0 216.000000 93.000000
00029 10 0 147.000000 247.000000 0 24.000000 23.000000 0 237.000000 79.000000 0 236.000000 79.000000 0 232.000000 80.000000 0 233.000000 80.000000 0 181.000000 119.000000 0 192.000000 120.000000 0 247.000000 117.000000 0 246.000000 117.000000
00030 10 0 147.000000 247.000000 0 24.000000 24.000000 0 147.000000 248.000000 0 148.000000 248.000000 0 237.000000 80.000000 0 236.000000 80.000000 0 183.000000 119.000000 0 246.000000 116.000000 0 218.000000 94.000000 0 219.000000 94.000000
00031 10 0 23.000000 20.000000 0 146.000000 244.000000 0 236.000000 76.000000 0 147.000000 244.000000 0 232.000000 79.000000 0 244.000000 113.000000 0 245.000000 113.000000 0 135.000000 247.000000 0 218.000000 90.000000 0 217.000000 90.000000
00032 10 0 242.000000 115.000000 0 143.000000 247.000000 0 21.000000 21.000000 0 234.000000 78.000000 0 228.000000 96.000000 0 208.000000 100.000000 0 227.000000 96.000000 0 188.000000 119.000000 0 215.000000 91.000000 0 189.000000 119.000000
00033 10 0 234.000000 77.000000 0 243.000000 114.000000 0 144.000000 245.000000 0 20.000000 20.000000 0 208.000000 100.000000 0 215.000000 90.000000 0 215.000000 91.000000 0 216.000000 91.000000 0 227.000000 96.000000 0 179.000000 116.000000
00034 10 0 144.000000 247.000000 0 143.000000 247.000000 0 234.000000 77.000000 0 234.000000 78.000000 0 233.000000 78.000000 0 243.000000 114.000000 0 242.000000 114.000000 0 243.000000 115.000000 0 242.000000 115.000000 0 21.000000 21.000000
00035 10 0 144.000000 247.000000 0 233.000000 79.000000 0 133.000000 248.000000 0 242.000000 116.000000 0 21.000000 23.000000 0 21.000000 22.000000 0 20.000000 23.000000 0 20.000000 22.000000 0 215.000000 91.000000 0 188.000000 119.000000
00036 10 0 234.000000 79.000000 0 21.000000 23.000000 0 21.000000 22.000000 0 143.000000 245.000000 0 144.000000 247.000000 0 242.000000 116.000000 0 215.000000 92.000000 0 188.000000 119.000000 0 176.000000 119.000000 0 133.000000 248.000000
00037 10 0 147.000000 247.000000 0 148.000000 247.000000 0 247.000000 116.000000 0 24.000000 23.000000 0 238.000000 79.000000 0 231.000000 98.000000 0 231.000000 99.000000 0 24.000000 11.000000 0 219.000000 93.000000 0 212.000000 102.000000
00038 10 0 23.000000 24.000000 0 244.000000 117.000000 0 243.000000 117.000000 0 145.000000 248.000000 0 234.000000 81.000000 0 144.000000 248.000000 0 216.000000 95.000000 0 31.000000 12.000000 0 228.000000 99.000000 0 31.000000 11.000000
00039 10 0 231.000000 96.000000 0 148.000000 244.000000 0 148.000000 245.000000 0 239.000000 77.000000 0 238.000000 77.000000 0 237.000000 77.000000 0 24.000000 21.000000 0 247.000000 115.000000 0 247.000000 114.000000 0 219.000000 91.000000
00040 10 0 147.000000 247.000000 0 236.000000 79.000000 0 24.000000 24.000000 0 245.000000 117.000000 0 231.000000 99.000000 0 192.000000 120.000000 0 219.000000 93.000000 0 218.000000 93.000000 0 247.000000 112.000000 0 211.000000 103.000000
00041 10 0 242.000000 115.000000 0 234.000000 78.000000 0 144.000000 247.000000 0 215.000000 91.000000 0 215.000000 90.000000 0 20.000000 20.000000 0 228.000000 96.000000 0 20.000000 21.000000 0 21.000000 21.000000 0 227.000000 96.000000
00042 10 0 144.000000 244.000000 0 243.000000 114.000000 0 235.000000 77.000000 0 244.000000 114.000000 0 135.000000 247.000000 0 23.000000 21.000000 0 216.000000 90.000000 0 228.000000 96.000000 0 23.000000 20.000000 0 22.000000 20.000000
00043 10 0 23.000000 24.000000 0 235.000000 80.000000 0 145.000000 248.000000 0 244.000000 118.000000 0 144.000000 248.000000 0 244.000000 117.000000 0 135.000000 250.000000 0 180.000000 120.000000 0 211.000000 103.000000 0 210.000000 103.000000
00044 10 0 147.000000 244.000000 0 231.000000 96.000000 0 236.000000 76.000000 0 236.000000 77.000000 0 23.000000 20.000000 0 245.000000 114.000000 0 245.000000 113.000000 0 232.000000 79.000000 0 219.000000 91.000000 0 32.000000 8.000000
00045 10 0 234.000000 77.000000 0 144.000000 244.000000 0 243.000000 114.000000 0 228.000000 95.000000 0 227.000000 95.000000 0 23.000000 23.000000 0 216.000000 90.000000 0 31.000000 8.000000 0 208.000000 99.000000 0 208.000000 100.000000
00046 10 0 238.000000 79.000000 0 147.000000 247.000000 0 24.000000 23.000000 0 247.000000 116.000000 0 183.000000 119.000000 0 212.000000 101.000000 0 231.000000 98.000000 0 219.000000 93.000000 0 137.000000 248.000000 0 192.000000 120.000000
00047 10 0 243.000000 116.000000 0 144.000000 248.000000 0 234.000000 79.000000 0 216.000000 93.000000 0 133.000000 248.000000 0 20.000000 23.000000 0 208.000000 103.000000 0 208.000000 102.000000 0 228.000000 98.000000 0 176.000000 120.000000
00048 10 0 24.000000 23.000000 0 148.000000 247.000000 0 247.000000 116.000000 0 247.000000 115.000000 0 239.000000 79.000000 0 219.000000 92.000000 0 136.000000 248.000000 0 233.000000 80.000000 0 234.000000 80.000000 0 232.000000 80.000000
00049 10 0 245.000000 117.000000 0 244.000000 117.000000 0 23.000000 23.000000 0 183.000000 119.000000 0 23.000000 24.000000 0 236.000000 80.000000 0 235.000000 81.000000 0 235.000000 80.000000 0 147.000000 248.000000 0 147.000000 247.000000
00050 10 0 145.000000 248.000000 0 144.000000 248.000000 0 23.000000 24.000000 0 235.000000 80.000000 0 244.000000 118.000000 0 244.000000 117.000000 0 215.000000 95.000000 0 135.000000 250.000000 0 210.000000 103.000000 0 180.000000 120.000000
