00001 10 0 74.000000 226.000000 0 72.000000 240.000000 0 123.000000 3.000000 0 72.000000 236.000000 0 72.000000 237.000000 0 124.000000 8.000000 0 66.000000 235.000000 0 55.000000 234.000000 0 120.000000 7.000000 0 74.000000 221.000000
00002 10 0 75.000000 224.000000 0 76.000000 232.000000 0 73.000000 234.000000 0 127.000000 8.000000 0 76.000000 229.000000 0 72.000000 239.000000 0 69.000000 234.000000 0 124.000000 0.000000 0 77.000000 218.000000 0 122.000000 7.000000
00003 10 0 71.000000 224.000000 0 71.000000 227.000000 0 74.000000 223.000000 0 73.000000 220.000000 0 120.000000 4.000000 0 124.000000 8.000000 0 123.000000 8.000000 0 72.000000 231.000000 0 119.000000 9.000000 0 120.000000 8.000000
00004 10 0 125.000000 8.000000 0 125.000000 0.000000 0 72.000000 232.000000 0 71.000000 235.000000 0 75.000000 219.000000 0 72.000000 223.000000 0 122.000000 5.000000 0 77.000000 224.000000 0 126.000000 4.000000 0 7.000000 250.000000
00005 10 0 71.000000 228.000000 0 73.000000 220.000000 0 76.000000 225.000000 0 69.000000 231.000000 0 70.000000 232.000000 0 122.000000 3.000000 0 125.000000 3.000000 0 125.000000 4.000000 0 72.000000 237.000000 0 74.000000 228.000000
00006 10 0 74.000000 223.000000 0 125.000000 7.000000 0 69.000000 237.000000 0 74.000000 236.000000 0 73.000000 228.000000 0 128.000000 8.000000 0 77.000000 223.000000 0 73.000000 239.000000 0 77.000000 229.000000 0 76.000000 229.000000
00007 10 0 71.000000 224.000000 0 123.000000 3.000000 0 120.000000 5.000000 0 122.000000 8.000000 0 69.000000 234.000000 0 73.000000 227.000000 0 72.000000 234.000000 0 74.000000 218.000000 0 70.000000 237.000000 0 74.000000 219.000000
00008 10 0 72.000000 224.000000 0 67.000000 236.000000 0 68.000000 236.000000 0 122.000000 7.000000 0 72.000000 227.000000 0 74.000000 220.000000 0 122.000000 3.000000 0 122.000000 0.000000 0 55.000000 234.000000 0 71.000000 232.000000
00009 10 0 125.000000 10.000000 0 125.000000 7.000000 0 68.000000 237.000000 0 73.000000 238.000000 0 76.000000 221.000000 0 55.000000 232.000000 0 63.000000 236.000000 0 76.000000 229.000000 0 74.000000 230.000000 0 72.000000 223.000000
00010 10 0 69.000000 235.000000 0 72.000000 235.000000 0 56.000000 232.000000 0 70.000000 224.000000 0 74.000000 224.000000 0 119.000000 2.000000 0 119.000000 3.000000 0 6.000000 255.000000 0 122.000000 2.000000 0 73.000000 218.000000
00011 10 0 125.000000 1.000000 0 122.000000 2.000000 0 122.000000 1.000000 0 125.000000 9.000000 0 71.000000 237.000000 0 68.000000 234.000000 0 71.000000 223.000000 0 72.000000 225.000000 0 72.000000 224.000000 0 71.000000 232.000000
00012 10 0 124.000000 8.000000 0 71.000000 235.000000 0 122.000000 3.000000 0 70.000000 225.000000 0 75.000000 221.000000 0 67.000000 235.000000 0 75.000000 222.000000 0 120.000000 7.000000 0 67.000000 232.000000 0 54.000000 232.000000
00013 10 0 71.000000 236.000000 0 126.000000 9.000000 0 123.000000 5.000000 0 123.000000 4.000000 0 74.000000 232.000000 0 74.000000 226.000000 0 128.000000 13.000000 0 77.000000 228.000000 0 77.000000 227.000000 0 74.000000 236.000000
00014 10 0 72.000000 224.000000 0 121.000000 8.000000 0 121.000000 1.000000 0 121.000000 4.000000 0 72.000000 221.000000 0 73.000000 228.000000 0 72.000000 232.000000 0 55.000000 230.000000 0 71.000000 237.000000 0 67.000000 234.000000
00015 10 0 72.000000 237.000000 0 72.000000 232.000000 0 73.000000 223.000000 0 75.000000 228.000000 0 126.000000 5.000000 0 126.000000 6.000000 0 58.000000 231.000000 0 125.000000 0.000000 0 123.000000 0.000000 0 122.000000 0.000000
00016 10 0 71.000000 234.000000 0 71.000000 223.000000 0 121.000000 3.000000 0 71.000000 228.000000 0 72.000000 217.000000 0 122.000000 8.000000 0 55.000000 232.000000 0 56.000000 233.000000 0 66.000000 233.000000 0 7.000000 253.000000
00017 10 0 71.000000 234.000000 0 72.000000 222.000000 0 76.000000 223.000000 0 75.000000 226.000000 0 63.000000 232.000000 0 74.000000 234.000000 0 56.000000 230.000000 0 74.000000 231.000000 0 127.000000 8.000000 0 122.000000 4.000000
00018 10 0 55.000000 232.000000 0 75.000000 237.000000 0 76.000000 236.000000 0 74.000000 237.000000 0 123.000000 6.000000 0 124.000000 8.000000 0 126.000000 12.000000 0 125.000000 2.000000 0 77.000000 223.000000 0 74.000000 227.000000
00019 10 0 74.000000 218.000000 0 71.000000 232.000000 0 125.000000 4.000000 0 121.000000 1.000000 0 72.000000 237.000000 0 76.000000 221.000000 0 66.000000 232.000000 0 72.000000 222.000000 0 72.000000 221.000000 0 56.000000 231.000000
00020 10 0 72.000000 232.000000 0 72.000000 236.000000 0 125.000000 0.000000 0 74.000000 229.000000 0 74.000000 228.000000 0 122.000000 3.000000 0 71.000000 223.000000 0 125.000000 6.000000 0 76.000000 220.000000 0 55.000000 231.000000
00021 10 0 72.000000 237.000000 0 77.000000 221.000000 0 127.000000 2.000000 0 124.000000 7.000000 0 72.000000 226.000000 0 125.000000 12.000000 0 75.000000 231.000000 0 76.000000 228.000000 0 58.000000 234.000000 0 123.000000 3.000000
00022 10 0 73.000000 224.000000 0 123.000000 7.000000 0 73.000000 219.000000 0 72.000000 232.000000 0 53.000000 233.000000 0 122.000000 2.000000 0 67.000000 236.000000 0 71.000000 227.000000 0 72.000000 229.000000 0 71.000000 228.000000
00023 10 0 71.000000 239.000000 0 74.000000 238.000000 0 72.000000 235.000000 0 125.000000 0.000000 0 72.000000 228.000000 0 75.000000 226.000000 0 125.000000 5.000000 0 125.000000 4.000000 0 76.000000 226.000000 0 76.000000 225.000000
00024 10 0 72.000000 223.000000 0 72.000000 228.000000 0 72.000000 227.000000 0 122.000000 5.000000 0 71.000000 239.000000 0 122.000000 1.000000 0 74.000000 220.000000 0 125.000000 0.000000 0 122.000000 12.000000 0 54.000000 233.000000
00025 10 0 71.000000 233.000000 0 76.000000 224.000000 0 72.000000 225.000000 0 73.000000 223.000000 0 73.000000 229.000000 0 123.000000 2.000000 0 123.000000 0.000000 0 123.000000 1.000000 0 124.000000 6.000000 0 56.000000 231.000000
00026 10 0 72.000000 239.000000 0 125.000000 5.000000 0 125.000000 0.000000 0 75.000000 224.000000 0 72.000000 226.000000 0 76.000000 224.000000 0 75.000000 236.000000 0 60.000000 235.000000 0 63.000000 235.000000 0 56.000000 237.000000
00027 10 0 124.000000 7.000000 0 127.000000 3.000000 0 74.000000 220.000000 0 77.000000 227.000000 0 76.000000 224.000000 0 74.000000 235.000000 0 73.000000 228.000000 0 72.000000 239.000000 0 74.000000 231.000000 0 61.000000 233.000000
00028 10 0 125.000000 7.000000 0 125.000000 8.000000 0 72.000000 235.000000 0 124.000000 3.000000 0 78.000000 225.000000 0 75.000000 231.000000 0 72.000000 223.000000 0 75.000000 235.000000 0 72.000000 232.000000 0 75.000000 224.000000
00029 10 0 71.000000 239.000000 0 123.000000 0.000000 0 72.000000 231.000000 0 124.000000 10.000000 0 122.000000 6.000000 0 73.000000 224.000000 0 67.000000 237.000000 0 55.000000 236.000000 0 59.000000 237.000000 0 58.000000 236.000000
00030 10 0 74.000000 224.000000 0 71.000000 239.000000 0 71.000000 235.000000 0 69.000000 236.000000 0 70.000000 230.000000 0 122.000000 2.000000 0 122.000000 5.000000 0 56.000000 236.000000 0 124.000000 9.000000 0 124.000000 8.000000
00031 10 0 124.000000 0.000000 0 125.000000 0.000000 0 73.000000 237.000000 0 126.000000 8.000000 0 77.000000 223.000000 0 74.000000 227.000000 0 72.000000 234.000000 0 74.000000 228.000000 0 77.000000 220.000000 0 64.000000 234.000000
00032 10 0 71.000000 223.000000 0 124.000000 7.000000 0 70.000000 234.000000 0 125.000000 0.000000 0 74.000000 232.000000 0 77.000000 223.000000 0 74.000000 229.000000 0 65.000000 232.000000 0 73.000000 229.000000 0 122.000000 0.000000
00033 10 0 72.000000 224.000000 0 71.000000 228.000000 0 122.000000 7.000000 0 69.000000 234.000000 0 69.000000 235.000000 0 71.000000 231.000000 0 72.000000 234.000000 0 56.000000 231.000000 0 124.000000 11.000000 0 73.000000 219.000000
00034 10 0 74.000000 236.000000 0 72.000000 234.000000 0 123.000000 4.000000 0 127.000000 7.000000 0 76.000000 222.000000 0 74.000000 227.000000 0 125.000000 0.000000 0 74.000000 228.000000 0 61.000000 232.000000 0 123.000000 0.000000
00035 10 0 125.000000 10.000000 0 74.000000 229.000000 0 73.000000 229.000000 0 71.000000 237.000000 0 72.000000 225.000000 0 125.000000 7.000000 0 74.000000 237.000000 0 75.000000 233.000000 0 122.000000 8.000000 0 75.000000 225.000000
00036 10 0 127.000000 8.000000 0 74.000000 224.000000 0 125.000000 5.000000 0 77.000000 228.000000 0 76.000000 228.000000 0 77.000000 229.000000 0 71.000000 237.000000 0 125.000000 0.000000 0 64.000000 234.000000 0 74.000000 239.000000
00037 10 0 77.000000 221.000000 0 77.000000 226.000000 0 123.000000 4.000000 0 125.000000 7.000000 0 74.000000 223.000000 0 74.000000 235.000000 0 127.000000 3.000000 0 128.000000 6.000000 0 73.000000 236.000000 0 74.000000 231.000000
00038 10 0 72.000000 231.000000 0 122.000000 5.000000 0 72.000000 218.000000 0 70.000000 225.000000 0 71.000000 235.000000 0 121.000000 0.000000 0 125.000000 11.000000 0 57.000000 231.000000 0 120.000000 9.000000 0 71.000000 239.000000
00039 10 0 77.000000 224.000000 0 74.000000 227.000000 0 126.000000 2.000000 0 72.000000 233.000000 0 72.000000 237.000000 0 76.000000 234.000000 0 76.000000 232.000000 0 76.000000 233.000000 0 126.000000 6.000000 0 125.000000 10.000000
00040 10 0 71.000000 233.000000 0 67.000000 236.000000 0 121.000000 0.000000 0 72.000000 224.000000 0 122.000000 8.000000 0 124.000000 5.000000 0 124.000000 4.000000 0 56.000000 231.000000 0 55.000000 232.000000 0 68.000000 231.000000
00041 10 0 125.000000 4.000000 0 72.000000 236.000000 0 72.000000 235.000000 0 124.000000 8.000000 0 122.000000 7.000000 0 123.000000 11.000000 0 74.000000 222.000000 0 71.000000 239.000000 0 72.000000 227.000000 0 125.000000 1.000000
00042 10 0 74.000000 232.000000 0 77.000000 227.000000 0 77.000000 222.000000 0 56.000000 231.000000 0 123.000000 7.000000 0 125.000000 0.000000 0 125.000000 10.000000 0 126.000000 6.000000 0 126.000000 5.000000 0 71.000000 238.000000
00043 10 0 76.000000 234.000000 0 73.000000 236.000000 0 126.000000 7.000000 0 127.000000 7.000000 0 77.000000 227.000000 0 77.000000 226.000000 0 75.000000 223.000000 0 127.000000 2.000000 0 126.000000 2.000000 0 58.000000 233.000000
00044 10 0 72.000000 226.000000 0 121.000000 6.000000 0 71.000000 236.000000 0 74.000000 223.000000 0 120.000000 0.000000 0 67.000000 239.000000 0 67.000000 238.000000 0 71.000000 223.000000 0 72.000000 231.000000 0 124.000000 13.000000
00045 10 0 124.000000 6.000000 0 120.000000 7.000000 0 123.000000 1.000000 0 120.000000 3.000000 0 65.000000 234.000000 0 66.000000 234.000000 0 72.000000 231.000000 0 69.000000 238.000000 0 72.000000 224.000000 0 69.000000 237.000000
00046 10 0 127.000000 10.000000 0 71.000000 235.000000 0 74.000000 240.000000 0 127.000000 7.000000 0 73.000000 229.000000 0 74.000000 225.000000 0 75.000000 237.000000 0 75.000000 236.000000 0 125.000000 4.000000 0 124.000000 8.000000
00047 10 0 72.000000 224.000000 0 70.000000 235.000000 0 124.000000 0.000000 0 120.000000 8.000000 0 124.000000 4.000000 0 67.000000 232.000000 0 72.000000 231.000000 0 59.000000 232.000000 0 66.000000 235.000000 0 74.000000 218.000000
00048 10 0 127.000000 7.000000 0 73.000000 234.000000 0 72.000000 224.000000 0 123.000000 5.000000 0 77.000000 226.000000 0 77.000000 225.000000 0 125.000000 0.000000 0 73.000000 228.000000 0 73.000000 229.000000 0 77.000000 221.000000
00049 10 0 72.000000 231.000000 0 71.000000 237.000000 0 125.000000 5.000000 0 125.000000 0.000000 0 123.000000 9.000000 0 76.000000 224.000000 0 125.000000 13.000000 0 68.000000 236.000000 0 76.000000 229.000000 0 75.000000 228.000000
00050 10 0 56.000000 231.000000 0 125.000000 8.000000 0 77.000000 224.000000 0 76.000000 231.000000 0 125.000000 0.000000 0 75.000000 221.000000 0 58.000000 234.000000 0 71.000000 236.000000 0 72.000000 239.000000 0 71.000000 227.000000
