00001 10 0 214.000000 225.000000 0 246.000000 41.000000 0 76.000000 241.000000 0 225.000000 39.000000 0 52.000000 175.000000 0 172.000000 225.000000 0 229.000000 37.000000 0 188.000000 46.000000 0 1.000000 240.000000 0 26.000000 213.000000
00002 10 0 226.000000 40.000000 0 215.000000 225.000000 0 77.000000 241.000000 0 247.000000 41.000000 0 26.000000 213.000000 0 53.000000 175.000000 0 173.000000 225.000000 0 78.000000 237.000000 0 188.000000 47.000000 0 183.000000 75.000000
00003 10 0 214.000000 224.000000 0 172.000000 224.000000 0 225.000000 39.000000 0 76.000000 240.000000 0 52.000000 174.000000 0 246.000000 40.000000 0 26.000000 212.000000 0 188.000000 45.000000 0 1.000000 239.000000 0 183.000000 74.000000
00004 10 0 226.000000 39.000000 0 77.000000 240.000000 0 215.000000 224.000000 0 247.000000 40.000000 0 53.000000 175.000000 0 26.000000 212.000000 0 255.000000 173.000000 0 78.000000 237.000000 0 173.000000 224.000000 0 189.000000 45.000000
00005 10 0 214.000000 226.000000 0 51.000000 176.000000 0 224.000000 41.000000 0 76.000000 242.000000 0 172.000000 226.000000 0 187.000000 47.000000 0 228.000000 38.000000 0 26.000000 214.000000 0 245.000000 42.000000 0 253.000000 175.000000
00006 10 0 213.000000 226.000000 0 51.000000 176.000000 0 224.000000 40.000000 0 245.000000 42.000000 0 172.000000 226.000000 0 76.000000 241.000000 0 187.000000 47.000000 0 253.000000 175.000000 0 76.000000 237.000000 0 228.000000 38.000000
00007 10 0 245.000000 40.000000 0 213.000000 224.000000 0 224.000000 38.000000 0 76.000000 240.000000 0 228.000000 36.000000 0 53.000000 174.000000 0 171.000000 224.000000 0 187.000000 45.000000 0 0.000000 239.000000 0 25.000000 212.000000
00008 10 0 215.000000 224.000000 0 77.000000 240.000000 0 226.000000 39.000000 0 172.000000 224.000000 0 247.000000 40.000000 0 26.000000 212.000000 0 53.000000 174.000000 0 52.000000 174.000000 0 188.000000 45.000000 0 255.000000 173.000000
00009 10 0 215.000000 225.000000 0 77.000000 241.000000 0 226.000000 40.000000 0 247.000000 41.000000 0 53.000000 175.000000 0 26.000000 213.000000 0 173.000000 225.000000 0 188.000000 47.000000 0 184.000000 75.000000 0 255.000000 174.000000
00010 10 0 215.000000 226.000000 0 226.000000 40.000000 0 247.000000 41.000000 0 77.000000 241.000000 0 26.000000 213.000000 0 52.000000 175.000000 0 188.000000 47.000000 0 78.000000 237.000000 0 173.000000 226.000000 0 173.000000 225.000000
00011 10 0 77.000000 241.000000 0 215.000000 225.000000 0 226.000000 40.000000 0 247.000000 41.000000 0 229.000000 37.000000 0 26.000000 213.000000 0 173.000000 225.000000 0 188.000000 47.000000 0 53.000000 175.000000 0 78.000000 236.000000
00012 10 0 224.000000 40.000000 0 213.000000 226.000000 0 75.000000 241.000000 0 51.000000 175.000000 0 23.000000 213.000000 0 186.000000 47.000000 0 245.000000 41.000000 0 228.000000 37.000000 0 0.000000 240.000000 0 252.000000 174.000000
00013 10 0 247.000000 41.000000 0 215.000000 225.000000 0 226.000000 40.000000 0 215.000000 226.000000 0 77.000000 241.000000 0 53.000000 175.000000 0 26.000000 213.000000 0 78.000000 237.000000 0 173.000000 226.000000 0 188.000000 47.000000
00014 10 0 226.000000 39.000000 0 215.000000 225.000000 0 77.000000 240.000000 0 53.000000 175.000000 0 247.000000 40.000000 0 26.000000 212.000000 0 78.000000 237.000000 0 255.000000 173.000000 0 173.000000 224.000000 0 183.000000 74.000000
00015 10 0 215.000000 225.000000 0 247.000000 40.000000 0 77.000000 240.000000 0 226.000000 39.000000 0 53.000000 175.000000 0 26.000000 213.000000 0 173.000000 225.000000 0 78.000000 236.000000 0 230.000000 37.000000 0 184.000000 74.000000
00016 10 0 214.000000 226.000000 0 76.000000 242.000000 0 225.000000 40.000000 0 53.000000 176.000000 0 172.000000 226.000000 0 246.000000 42.000000 0 188.000000 47.000000 0 183.000000 76.000000 0 27.000000 214.000000 0 253.000000 175.000000
00017 10 0 224.000000 39.000000 0 213.000000 225.000000 0 75.000000 240.000000 0 245.000000 40.000000 0 51.000000 175.000000 0 228.000000 37.000000 0 23.000000 212.000000 0 252.000000 173.000000 0 75.000000 236.000000 0 171.000000 225.000000
00018 10 0 77.000000 241.000000 0 215.000000 225.000000 0 247.000000 41.000000 0 226.000000 40.000000 0 53.000000 175.000000 0 173.000000 225.000000 0 78.000000 237.000000 0 78.000000 236.000000 0 27.000000 213.000000 0 183.000000 75.000000
00019 10 0 214.000000 226.000000 0 76.000000 242.000000 0 225.000000 40.000000 0 51.000000 176.000000 0 172.000000 226.000000 0 246.000000 42.000000 0 188.000000 47.000000 0 26.000000 214.000000 0 26.000000 213.000000 0 25.000000 213.000000
00020 10 0 213.000000 224.000000 0 224.000000 39.000000 0 245.000000 40.000000 0 75.000000 240.000000 0 51.000000 175.000000 0 171.000000 224.000000 0 23.000000 212.000000 0 0.000000 239.000000 0 187.000000 45.000000 0 26.000000 213.000000
00021 10 0 226.000000 39.000000 0 215.000000 225.000000 0 77.000000 240.000000 0 247.000000 40.000000 0 53.000000 175.000000 0 78.000000 237.000000 0 255.000000 173.000000 0 173.000000 225.000000 0 26.000000 212.000000 0 183.000000 74.000000
00022 10 0 213.000000 225.000000 0 224.000000 39.000000 0 51.000000 175.000000 0 245.000000 41.000000 0 75.000000 241.000000 0 228.000000 37.000000 0 171.000000 225.000000 0 186.000000 47.000000 0 25.000000 213.000000 0 0.000000 240.000000
00023 10 0 213.000000 225.000000 0 224.000000 40.000000 0 75.000000 241.000000 0 51.000000 175.000000 0 245.000000 41.000000 0 171.000000 225.000000 0 228.000000 37.000000 0 186.000000 47.000000 0 252.000000 173.000000 0 26.000000 213.000000
00024 10 0 245.000000 40.000000 0 213.000000 224.000000 0 52.000000 174.000000 0 225.000000 38.000000 0 224.000000 38.000000 0 76.000000 240.000000 0 172.000000 224.000000 0 229.000000 36.000000 0 0.000000 239.000000 0 26.000000 212.000000
00025 10 0 214.000000 226.000000 0 225.000000 40.000000 0 76.000000 242.000000 0 52.000000 176.000000 0 172.000000 226.000000 0 187.000000 47.000000 0 229.000000 38.000000 0 245.000000 42.000000 0 253.000000 175.000000 0 26.000000 214.000000
00026 10 0 224.000000 39.000000 0 213.000000 224.000000 0 245.000000 40.000000 0 76.000000 240.000000 0 52.000000 174.000000 0 172.000000 224.000000 0 229.000000 36.000000 0 187.000000 45.000000 0 26.000000 212.000000 0 0.000000 239.000000
00027 10 0 213.000000 225.000000 0 224.000000 39.000000 0 75.000000 240.000000 0 245.000000 40.000000 0 51.000000 175.000000 0 228.000000 37.000000 0 23.000000 212.000000 0 171.000000 225.000000 0 76.000000 237.000000 0 26.000000 213.000000
00028 10 0 215.000000 226.000000 0 226.000000 40.000000 0 247.000000 41.000000 0 77.000000 241.000000 0 77.000000 240.000000 0 26.000000 213.000000 0 53.000000 175.000000 0 173.000000 225.000000 0 184.000000 75.000000 0 188.000000 47.000000
00029 10 0 213.000000 224.000000 0 224.000000 39.000000 0 75.000000 240.000000 0 245.000000 40.000000 0 171.000000 224.000000 0 53.000000 175.000000 0 24.000000 212.000000 0 253.000000 173.000000 0 187.000000 45.000000 0 182.000000 74.000000
00030 10 0 213.000000 225.000000 0 224.000000 39.000000 0 75.000000 241.000000 0 51.000000 175.000000 0 245.000000 41.000000 0 228.000000 37.000000 0 76.000000 237.000000 0 171.000000 225.000000 0 26.000000 213.000000 0 25.000000 213.000000
00031 10 0 214.000000 224.000000 0 76.000000 240.000000 0 172.000000 224.000000 0 225.000000 39.000000 0 52.000000 174.000000 0 246.000000 40.000000 0 26.000000 212.000000 0 229.000000 36.000000 0 188.000000 45.000000 0 232.000000 40.000000
00032 10 0 215.000000 226.000000 0 226.000000 40.000000 0 247.000000 42.000000 0 77.000000 241.000000 0 26.000000 213.000000 0 55.000000 176.000000 0 188.000000 47.000000 0 173.000000 226.000000 0 184.000000 75.000000 0 230.000000 37.000000
00033 10 0 213.000000 225.000000 0 50.000000 175.000000 0 224.000000 39.000000 0 75.000000 241.000000 0 75.000000 240.000000 0 245.000000 40.000000 0 228.000000 37.000000 0 171.000000 225.000000 0 23.000000 213.000000 0 186.000000 47.000000
00034 10 0 213.000000 224.000000 0 224.000000 39.000000 0 75.000000 240.000000 0 245.000000 40.000000 0 171.000000 224.000000 0 50.000000 175.000000 0 23.000000 212.000000 0 228.000000 37.000000 0 181.000000 74.000000 0 187.000000 45.000000
00035 10 0 215.000000 226.000000 0 226.000000 40.000000 0 77.000000 241.000000 0 247.000000 41.000000 0 53.000000 175.000000 0 26.000000 213.000000 0 229.000000 37.000000 0 173.000000 225.000000 0 78.000000 236.000000 0 188.000000 47.000000
00036 10 0 213.000000 226.000000 0 224.000000 40.000000 0 51.000000 176.000000 0 75.000000 242.000000 0 245.000000 42.000000 0 171.000000 226.000000 0 172.000000 226.000000 0 187.000000 47.000000 0 76.000000 237.000000 0 253.000000 175.000000
00037 10 0 214.000000 226.000000 0 225.000000 40.000000 0 226.000000 40.000000 0 76.000000 242.000000 0 52.000000 176.000000 0 53.000000 176.000000 0 172.000000 226.000000 0 188.000000 47.000000 0 25.000000 213.000000 0 246.000000 42.000000
00038 10 0 214.000000 226.000000 0 224.000000 40.000000 0 51.000000 176.000000 0 172.000000 226.000000 0 187.000000 47.000000 0 76.000000 242.000000 0 245.000000 42.000000 0 25.000000 214.000000 0 26.000000 214.000000 0 24.000000 213.000000
00039 10 0 213.000000 226.000000 0 224.000000 40.000000 0 52.000000 176.000000 0 51.000000 176.000000 0 245.000000 42.000000 0 75.000000 242.000000 0 171.000000 226.000000 0 23.000000 213.000000 0 187.000000 47.000000 0 0.000000 240.000000
00040 10 0 215.000000 225.000000 0 247.000000 41.000000 0 226.000000 39.000000 0 77.000000 240.000000 0 53.000000 175.000000 0 173.000000 225.000000 0 230.000000 37.000000 0 78.000000 236.000000 0 26.000000 213.000000 0 184.000000 74.000000
00041 10 0 224.000000 40.000000 0 213.000000 225.000000 0 75.000000 240.000000 0 51.000000 175.000000 0 245.000000 40.000000 0 228.000000 37.000000 0 23.000000 212.000000 0 0.000000 240.000000 0 171.000000 225.000000 0 252.000000 173.000000
00042 10 0 224.000000 40.000000 0 213.000000 226.000000 0 51.000000 176.000000 0 172.000000 226.000000 0 187.000000 47.000000 0 245.000000 42.000000 0 76.000000 242.000000 0 229.000000 38.000000 0 253.000000 175.000000 0 26.000000 214.000000
00043 10 0 214.000000 226.000000 0 76.000000 242.000000 0 225.000000 40.000000 0 51.000000 176.000000 0 172.000000 226.000000 0 246.000000 42.000000 0 253.000000 175.000000 0 183.000000 76.000000 0 26.000000 214.000000 0 187.000000 47.000000
00044 10 0 214.000000 226.000000 0 225.000000 40.000000 0 51.000000 176.000000 0 76.000000 242.000000 0 172.000000 226.000000 0 187.000000 47.000000 0 229.000000 38.000000 0 245.000000 42.000000 0 24.000000 213.000000 0 253.000000 175.000000
00045 10 0 224.000000 39.000000 0 75.000000 240.000000 0 213.000000 225.000000 0 245.000000 40.000000 0 50.000000 175.000000 0 228.000000 37.000000 0 23.000000 212.000000 0 171.000000 225.000000 0 0.000000 239.000000 0 26.000000 213.000000
00046 10 0 215.000000 226.000000 0 226.000000 40.000000 0 247.000000 42.000000 0 77.000000 241.000000 0 53.000000 176.000000 0 26.000000 214.000000 0 173.000000 226.000000 0 188.000000 47.000000 0 254.000000 174.000000 0 77.000000 237.000000
00047 10 0 213.000000 224.000000 0 224.000000 39.000000 0 75.000000 240.000000 0 245.000000 40.000000 0 51.000000 175.000000 0 25.000000 212.000000 0 26.000000 212.000000 0 171.000000 224.000000 0 252.000000 173.000000 0 0.000000 239.000000
00048 10 0 215.000000 226.000000 0 226.000000 40.000000 0 247.000000 42.000000 0 77.000000 241.000000 0 26.000000 213.000000 0 53.000000 176.000000 0 173.000000 226.000000 0 78.000000 238.000000 0 183.000000 75.000000 0 78.000000 237.000000
00049 10 0 213.000000 226.000000 0 224.000000 40.000000 0 51.000000 176.000000 0 245.000000 42.000000 0 75.000000 242.000000 0 171.000000 226.000000 0 24.000000 213.000000 0 228.000000 38.000000 0 76.000000 237.000000 0 187.000000 47.000000
00050 10 0 215.000000 226.000000 0 226.000000 40.000000 0 77.000000 241.000000 0 247.000000 42.000000 0 26.000000 213.000000 0 53.000000 176.000000 0 173.000000 226.000000 0 78.000000 237.000000 0 183.000000 75.000000 0 254.000000 174.000000
