00001 10 0 255.000000 8.000000 0 247.000000 56.000000 0 255.000000 7.000000 0 203.000000 23.000000 0 243.000000 58.000000 0 242.000000 58.000000 0 244.000000 175.000000 0 255.000000 231.000000 0 251.000000 160.000000 0 252.000000 160.000000
00002 10 0 255.000000 5.000000 0 247.000000 56.000000 0 255.000000 6.000000 0 255.000000 7.000000 0 203.000000 23.000000 0 221.000000 171.000000 0 245.000000 175.000000 0 246.000000 175.000000 0 231.000000 167.000000 0 244.000000 174.000000
00003 10 0 255.000000 9.000000 0 255.000000 8.000000 0 247.000000 55.000000 0 203.000000 22.000000 0 244.000000 59.000000 0 246.000000 176.000000 0 245.000000 176.000000 0 169.000000 48.000000 0 168.000000 48.000000 0 251.000000 160.000000
00004 10 0 255.000000 6.000000 0 255.000000 10.000000 0 255.000000 9.000000 0 243.000000 59.000000 0 203.000000 23.000000 0 203.000000 24.000000 0 247.000000 56.000000 0 247.000000 57.000000 0 244.000000 176.000000 0 245.000000 176.000000
00005 10 0 255.000000 9.000000 0 255.000000 8.000000 0 243.000000 59.000000 0 254.000000 5.000000 0 255.000000 5.000000 0 247.000000 57.000000 0 247.000000 56.000000 0 245.000000 176.000000 0 244.000000 176.000000 0 202.000000 23.000000
00006 10 0 255.000000 8.000000 0 246.000000 56.000000 0 247.000000 56.000000 0 203.000000 22.000000 0 203.000000 21.000000 0 244.000000 175.000000 0 245.000000 175.000000 0 239.000000 104.000000 0 244.000000 174.000000 0 246.000000 175.000000
00007 10 0 255.000000 6.000000 0 255.000000 10.000000 0 255.000000 11.000000 0 244.000000 58.000000 0 245.000000 58.000000 0 244.000000 59.000000 0 243.000000 59.000000 0 247.000000 55.000000 0 245.000000 175.000000 0 244.000000 176.000000
00008 10 0 255.000000 8.000000 0 244.000000 58.000000 0 247.000000 57.000000 0 203.000000 22.000000 0 247.000000 56.000000 0 247.000000 176.000000 0 123.000000 0.000000 0 203.000000 144.000000 0 75.000000 16.000000 0 255.000000 138.000000
00009 10 0 255.000000 8.000000 0 204.000000 23.000000 0 203.000000 23.000000 0 221.000000 172.000000 0 244.000000 58.000000 0 247.000000 57.000000 0 245.000000 175.000000 0 80.000000 15.000000 0 255.000000 171.000000 0 172.000000 47.000000
00010 10 0 255.000000 8.000000 0 247.000000 55.000000 0 244.000000 57.000000 0 254.000000 3.000000 0 244.000000 56.000000 0 243.000000 57.000000 0 254.000000 4.000000 0 255.000000 4.000000 0 244.000000 175.000000 0 245.000000 175.000000
00011 10 0 255.000000 6.000000 0 255.000000 7.000000 0 255.000000 8.000000 0 247.000000 56.000000 0 247.000000 57.000000 0 245.000000 175.000000 0 247.000000 176.000000 0 248.000000 56.000000 0 244.000000 58.000000 0 221.000000 171.000000
00012 10 0 255.000000 8.000000 0 255.000000 9.000000 0 247.000000 57.000000 0 247.000000 56.000000 0 204.000000 24.000000 0 203.000000 24.000000 0 245.000000 176.000000 0 80.000000 16.000000 0 168.000000 48.000000 0 169.000000 48.000000
00013 10 0 255.000000 9.000000 0 255.000000 7.000000 0 255.000000 231.000000 0 244.000000 58.000000 0 243.000000 58.000000 0 244.000000 176.000000 0 200.000000 21.000000 0 203.000000 23.000000 0 168.000000 120.000000 0 219.000000 172.000000
00014 10 0 255.000000 8.000000 0 244.000000 58.000000 0 247.000000 55.000000 0 203.000000 22.000000 0 247.000000 176.000000 0 168.000000 48.000000 0 243.000000 103.000000 0 242.000000 103.000000 0 123.000000 0.000000 0 124.000000 0.000000
00015 10 0 255.000000 8.000000 0 255.000000 230.000000 0 253.000000 5.000000 0 244.000000 56.000000 0 245.000000 55.000000 0 200.000000 21.000000 0 243.000000 176.000000 0 78.000000 15.000000 0 79.000000 15.000000 0 168.000000 48.000000
00016 10 0 255.000000 7.000000 0 244.000000 57.000000 0 247.000000 55.000000 0 255.000000 3.000000 0 254.000000 3.000000 0 203.000000 22.000000 0 203.000000 21.000000 0 244.000000 175.000000 0 77.000000 15.000000 0 220.000000 171.000000
00017 10 0 255.000000 8.000000 0 203.000000 23.000000 0 203.000000 22.000000 0 204.000000 23.000000 0 244.000000 58.000000 0 221.000000 171.000000 0 247.000000 176.000000 0 244.000000 176.000000 0 169.000000 48.000000 0 168.000000 48.000000
00018 10 0 255.000000 8.000000 0 243.000000 57.000000 0 239.000000 56.000000 0 243.000000 175.000000 0 255.000000 229.000000 0 201.000000 21.000000 0 200.000000 21.000000 0 202.000000 21.000000 0 76.000000 15.000000 0 123.000000 0.000000
00019 10 0 255.000000 8.000000 0 255.000000 7.000000 0 254.000000 7.000000 0 254.000000 3.000000 0 202.000000 21.000000 0 243.000000 57.000000 0 255.000000 3.000000 0 244.000000 175.000000 0 255.000000 229.000000 0 247.000000 55.000000
00020 10 0 254.000000 7.000000 0 245.000000 55.000000 0 255.000000 231.000000 0 253.000000 3.000000 0 201.000000 21.000000 0 202.000000 21.000000 0 200.000000 21.000000 0 254.000000 3.000000 0 242.000000 176.000000 0 244.000000 175.000000
00021 10 0 255.000000 8.000000 0 247.000000 176.000000 0 247.000000 57.000000 0 244.000000 58.000000 0 203.000000 21.000000 0 203.000000 22.000000 0 80.000000 15.000000 0 75.000000 16.000000 0 76.000000 16.000000 0 252.000000 160.000000
00022 10 0 255.000000 8.000000 0 247.000000 55.000000 0 247.000000 57.000000 0 244.000000 58.000000 0 244.000000 59.000000 0 243.000000 59.000000 0 203.000000 23.000000 0 245.000000 175.000000 0 220.000000 171.000000 0 220.000000 172.000000
00023 10 0 254.000000 9.000000 0 254.000000 8.000000 0 255.000000 5.000000 0 255.000000 230.000000 0 200.000000 22.000000 0 200.000000 23.000000 0 201.000000 23.000000 0 243.000000 59.000000 0 244.000000 58.000000 0 243.000000 176.000000
00024 10 0 255.000000 7.000000 0 255.000000 6.000000 0 255.000000 8.000000 0 247.000000 57.000000 0 246.000000 57.000000 0 244.000000 58.000000 0 247.000000 56.000000 0 203.000000 21.000000 0 221.000000 171.000000 0 76.000000 15.000000
00025 10 0 254.000000 6.000000 0 245.000000 55.000000 0 241.000000 58.000000 0 242.000000 58.000000 0 255.000000 232.000000 0 243.000000 176.000000 0 200.000000 22.000000 0 200.000000 21.000000 0 79.000000 15.000000 0 240.000000 103.000000
00026 10 0 255.000000 8.000000 0 244.000000 56.000000 0 255.000000 3.000000 0 254.000000 4.000000 0 254.000000 3.000000 0 247.000000 55.000000 0 245.000000 175.000000 0 244.000000 175.000000 0 202.000000 20.000000 0 255.000000 229.000000
00027 10 0 255.000000 8.000000 0 247.000000 55.000000 0 203.000000 21.000000 0 255.000000 3.000000 0 240.000000 176.000000 0 244.000000 175.000000 0 245.000000 175.000000 0 246.000000 175.000000 0 244.000000 174.000000 0 245.000000 174.000000
00028 10 0 255.000000 8.000000 0 255.000000 9.000000 0 247.000000 57.000000 0 243.000000 59.000000 0 244.000000 58.000000 0 244.000000 59.000000 0 203.000000 23.000000 0 203.000000 22.000000 0 247.000000 176.000000 0 75.000000 16.000000
00029 10 0 255.000000 6.000000 0 254.000000 9.000000 0 244.000000 58.000000 0 202.000000 23.000000 0 203.000000 23.000000 0 244.000000 176.000000 0 255.000000 231.000000 0 168.000000 48.000000 0 168.000000 47.000000 0 167.000000 120.000000
00030 10 0 255.000000 8.000000 0 247.000000 57.000000 0 203.000000 23.000000 0 247.000000 176.000000 0 252.000000 160.000000 0 240.000000 176.000000 0 242.000000 167.000000 0 242.000000 106.000000 0 242.000000 107.000000 0 79.000000 16.000000
00031 10 0 255.000000 8.000000 0 245.000000 55.000000 0 255.000000 230.000000 0 201.000000 21.000000 0 200.000000 21.000000 0 239.000000 56.000000 0 244.000000 175.000000 0 243.000000 175.000000 0 79.000000 15.000000 0 239.000000 176.000000
00032 10 0 255.000000 8.000000 0 202.000000 21.000000 0 254.000000 3.000000 0 255.000000 3.000000 0 244.000000 57.000000 0 243.000000 57.000000 0 244.000000 56.000000 0 243.000000 175.000000 0 255.000000 228.000000 0 244.000000 175.000000
00033 10 0 255.000000 7.000000 0 255.000000 6.000000 0 244.000000 58.000000 0 247.000000 57.000000 0 247.000000 56.000000 0 247.000000 55.000000 0 204.000000 24.000000 0 203.000000 21.000000 0 247.000000 176.000000 0 221.000000 171.000000
00034 10 0 255.000000 8.000000 0 255.000000 9.000000 0 254.000000 8.000000 0 255.000000 5.000000 0 247.000000 56.000000 0 243.000000 59.000000 0 203.000000 23.000000 0 245.000000 176.000000 0 245.000000 177.000000 0 255.000000 231.000000
00035 10 0 253.000000 8.000000 0 255.000000 5.000000 0 255.000000 230.000000 0 245.000000 55.000000 0 200.000000 23.000000 0 244.000000 176.000000 0 240.000000 176.000000 0 200.000000 135.000000 0 200.000000 134.000000 0 251.000000 154.000000
00036 10 0 255.000000 8.000000 0 255.000000 7.000000 0 247.000000 55.000000 0 243.000000 57.000000 0 203.000000 21.000000 0 76.000000 15.000000 0 77.000000 15.000000 0 239.000000 174.000000 0 255.000000 229.000000 0 244.000000 175.000000
00037 10 0 255.000000 9.000000 0 255.000000 8.000000 0 244.000000 56.000000 0 255.000000 3.000000 0 254.000000 3.000000 0 203.000000 22.000000 0 203.000000 21.000000 0 244.000000 174.000000 0 245.000000 174.000000 0 76.000000 15.000000
00038 10 0 255.000000 230.000000 0 255.000000 229.000000 0 253.000000 8.000000 0 242.000000 58.000000 0 243.000000 58.000000 0 253.000000 5.000000 0 200.000000 23.000000 0 201.000000 23.000000 0 243.000000 176.000000 0 251.000000 160.000000
00039 10 0 255.000000 7.000000 0 255.000000 8.000000 0 244.000000 56.000000 0 245.000000 56.000000 0 203.000000 21.000000 0 76.000000 15.000000 0 240.000000 176.000000 0 255.000000 167.000000 0 245.000000 174.000000 0 244.000000 175.000000
00040 10 0 255.000000 8.000000 0 254.000000 5.000000 0 255.000000 230.000000 0 245.000000 55.000000 0 201.000000 21.000000 0 200.000000 21.000000 0 243.000000 176.000000 0 79.000000 15.000000 0 78.000000 15.000000 0 219.000000 171.000000
00041 10 0 255.000000 9.000000 0 255.000000 8.000000 0 247.000000 57.000000 0 247.000000 176.000000 0 79.000000 16.000000 0 203.000000 22.000000 0 203.000000 23.000000 0 76.000000 16.000000 0 75.000000 16.000000 0 203.000000 143.000000
00042 10 0 247.000000 56.000000 0 255.000000 6.000000 0 255.000000 7.000000 0 255.000000 8.000000 0 203.000000 23.000000 0 203.000000 22.000000 0 204.000000 23.000000 0 247.000000 176.000000 0 203.000000 144.000000 0 168.000000 47.000000
00043 10 0 255.000000 10.000000 0 255.000000 9.000000 0 255.000000 8.000000 0 243.000000 59.000000 0 203.000000 23.000000 0 244.000000 176.000000 0 255.000000 230.000000 0 219.000000 172.000000 0 239.000000 175.000000 0 168.000000 48.000000
00044 10 0 253.000000 9.000000 0 253.000000 8.000000 0 254.000000 8.000000 0 255.000000 230.000000 0 245.000000 55.000000 0 242.000000 58.000000 0 241.000000 58.000000 0 200.000000 22.000000 0 243.000000 176.000000 0 79.000000 15.000000
00045 10 0 255.000000 7.000000 0 255.000000 4.000000 0 245.000000 55.000000 0 255.000000 229.000000 0 200.000000 21.000000 0 244.000000 176.000000 0 243.000000 175.000000 0 200.000000 135.000000 0 167.000000 47.000000 0 219.000000 171.000000
00046 10 0 255.000000 8.000000 0 255.000000 10.000000 0 254.000000 9.000000 0 255.000000 9.000000 0 203.000000 23.000000 0 243.000000 59.000000 0 244.000000 176.000000 0 247.000000 57.000000 0 247.000000 56.000000 0 255.000000 232.000000
00047 10 0 255.000000 10.000000 0 255.000000 8.000000 0 255.000000 9.000000 0 255.000000 5.000000 0 244.000000 59.000000 0 245.000000 58.000000 0 247.000000 56.000000 0 247.000000 57.000000 0 203.000000 24.000000 0 203.000000 23.000000
00048 10 0 255.000000 8.000000 0 254.000000 7.000000 0 255.000000 7.000000 0 255.000000 6.000000 0 255.000000 3.000000 0 247.000000 55.000000 0 243.000000 56.000000 0 244.000000 56.000000 0 239.000000 56.000000 0 203.000000 22.000000
00049 10 0 255.000000 8.000000 0 244.000000 59.000000 0 243.000000 59.000000 0 255.000000 6.000000 0 244.000000 58.000000 0 255.000000 10.000000 0 255.000000 5.000000 0 245.000000 58.000000 0 255.000000 9.000000 0 202.000000 23.000000
00050 10 0 255.000000 7.000000 0 255.000000 8.000000 0 255.000000 6.000000 0 247.000000 56.000000 0 203.000000 22.000000 0 203.000000 21.000000 0 247.000000 176.000000 0 244.000000 176.000000 0 252.000000 160.000000 0 241.000000 176.000000
