00001 10 0 39.000000 255.000000 0 39.000000 251.000000 0 20.000000 199.000000 0 21.000000 194.000000 0 47.000000 247.000000 0 52.000000 248.000000 0 52.000000 245.000000 0 26.000000 248.000000 0 56.000000 245.000000 0 47.000000 243.000000
00002 10 0 42.000000 255.000000 0 23.000000 198.000000 0 207.000000 122.000000 0 26.000000 203.000000 0 55.000000 245.000000 0 35.000000 242.000000 0 27.000000 199.000000 0 51.000000 244.000000 0 18.000000 123.000000 0 22.000000 193.000000
00003 10 0 40.000000 255.000000 0 24.000000 200.000000 0 27.000000 231.000000 0 27.000000 200.000000 0 53.000000 247.000000 0 21.000000 196.000000 0 47.000000 255.000000 0 33.000000 242.000000 0 33.000000 241.000000 0 8.000000 120.000000
00004 10 0 40.000000 255.000000 0 44.000000 255.000000 0 55.000000 247.000000 0 26.000000 199.000000 0 48.000000 239.000000 0 23.000000 194.000000 0 26.000000 202.000000 0 48.000000 252.000000 0 35.000000 240.000000 0 35.000000 241.000000
00005 10 0 36.000000 255.000000 0 40.000000 255.000000 0 19.000000 195.000000 0 52.000000 246.000000 0 48.000000 240.000000 0 21.000000 200.000000 0 22.000000 203.000000 0 31.000000 240.000000 0 21.000000 203.000000 0 31.000000 244.000000
00006 10 0 37.000000 255.000000 0 37.000000 254.000000 0 19.000000 200.000000 0 51.000000 248.000000 0 22.000000 199.000000 0 19.000000 196.000000 0 24.000000 202.000000 0 24.000000 231.000000 0 32.000000 243.000000 0 13.000000 124.000000
00007 10 0 38.000000 254.000000 0 39.000000 254.000000 0 45.000000 255.000000 0 20.000000 200.000000 0 21.000000 201.000000 0 206.000000 123.000000 0 56.000000 247.000000 0 16.000000 125.000000 0 23.000000 205.000000 0 52.000000 248.000000
00008 10 0 39.000000 254.000000 0 24.000000 204.000000 0 21.000000 201.000000 0 20.000000 200.000000 0 20.000000 201.000000 0 51.000000 247.000000 0 24.000000 200.000000 0 234.000000 31.000000 0 20.000000 196.000000 0 47.000000 245.000000
00009 10 0 40.000000 253.000000 0 43.000000 255.000000 0 24.000000 199.000000 0 55.000000 245.000000 0 47.000000 251.000000 0 47.000000 252.000000 0 48.000000 255.000000 0 33.000000 240.000000 0 24.000000 194.000000 0 237.000000 29.000000
00010 10 0 39.000000 255.000000 0 23.000000 203.000000 0 20.000000 200.000000 0 21.000000 197.000000 0 45.000000 254.000000 0 235.000000 31.000000 0 51.000000 247.000000 0 205.000000 123.000000 0 206.000000 123.000000 0 7.000000 126.000000
00011 10 0 38.000000 255.000000 0 40.000000 251.000000 0 42.000000 255.000000 0 34.000000 240.000000 0 25.000000 200.000000 0 21.000000 192.000000 0 21.000000 197.000000 0 56.000000 244.000000 0 208.000000 119.000000 0 53.000000 244.000000
00012 10 0 37.000000 254.000000 0 39.000000 250.000000 0 18.000000 199.000000 0 22.000000 199.000000 0 21.000000 199.000000 0 47.000000 241.000000 0 53.000000 243.000000 0 51.000000 247.000000 0 44.000000 255.000000 0 29.000000 240.000000
00013 10 0 37.000000 254.000000 0 24.000000 231.000000 0 24.000000 205.000000 0 26.000000 202.000000 0 15.000000 125.000000 0 20.000000 196.000000 0 32.000000 244.000000 0 51.000000 248.000000 0 50.000000 248.000000 0 48.000000 245.000000
00014 10 0 39.000000 255.000000 0 40.000000 255.000000 0 52.000000 248.000000 0 19.000000 200.000000 0 20.000000 200.000000 0 32.000000 232.000000 0 47.000000 242.000000 0 25.000000 203.000000 0 25.000000 202.000000 0 26.000000 203.000000
00015 10 0 40.000000 255.000000 0 24.000000 198.000000 0 32.000000 239.000000 0 29.000000 199.000000 0 20.000000 192.000000 0 47.000000 255.000000 0 19.000000 197.000000 0 48.000000 239.000000 0 48.000000 240.000000 0 51.000000 245.000000
00016 10 0 39.000000 251.000000 0 42.000000 255.000000 0 21.000000 197.000000 0 25.000000 199.000000 0 205.000000 119.000000 0 33.000000 239.000000 0 48.000000 255.000000 0 21.000000 192.000000 0 48.000000 251.000000 0 0.000000 119.000000
00017 10 0 39.000000 253.000000 0 23.000000 204.000000 0 23.000000 200.000000 0 207.000000 123.000000 0 235.000000 31.000000 0 19.000000 196.000000 0 8.000000 127.000000 0 51.000000 249.000000 0 31.000000 253.000000 0 16.000000 126.000000
00018 10 0 37.000000 255.000000 0 39.000000 253.000000 0 37.000000 250.000000 0 16.000000 121.000000 0 32.000000 240.000000 0 40.000000 248.000000 0 23.000000 201.000000 0 20.000000 192.000000 0 21.000000 197.000000 0 20.000000 197.000000
00019 10 0 40.000000 255.000000 0 40.000000 252.000000 0 43.000000 252.000000 0 48.000000 255.000000 0 26.000000 200.000000 0 24.000000 199.000000 0 47.000000 252.000000 0 53.000000 246.000000 0 55.000000 248.000000 0 23.000000 192.000000
00020 10 0 37.000000 255.000000 0 19.000000 199.000000 0 24.000000 200.000000 0 18.000000 194.000000 0 19.000000 194.000000 0 50.000000 247.000000 0 45.000000 255.000000 0 32.000000 241.000000 0 52.000000 243.000000 0 243.000000 176.000000
00021 10 0 39.000000 255.000000 0 42.000000 253.000000 0 39.000000 248.000000 0 27.000000 199.000000 0 53.000000 244.000000 0 21.000000 197.000000 0 21.000000 196.000000 0 23.000000 200.000000 0 21.000000 192.000000 0 47.000000 250.000000
00022 10 0 37.000000 253.000000 0 51.000000 247.000000 0 21.000000 199.000000 0 22.000000 199.000000 0 32.000000 238.000000 0 55.000000 250.000000 0 47.000000 239.000000 0 45.000000 254.000000 0 45.000000 255.000000 0 26.000000 199.000000
00023 10 0 39.000000 255.000000 0 43.000000 255.000000 0 26.000000 199.000000 0 21.000000 197.000000 0 15.000000 120.000000 0 49.000000 242.000000 0 52.000000 245.000000 0 20.000000 193.000000 0 53.000000 242.000000 0 54.000000 242.000000
00024 10 0 37.000000 251.000000 0 23.000000 200.000000 0 20.000000 197.000000 0 42.000000 255.000000 0 234.000000 27.000000 0 20.000000 191.000000 0 48.000000 239.000000 0 204.000000 119.000000 0 51.000000 244.000000 0 52.000000 244.000000
00025 10 0 36.000000 254.000000 0 40.000000 251.000000 0 22.000000 202.000000 0 50.000000 248.000000 0 15.000000 124.000000 0 18.000000 199.000000 0 47.000000 245.000000 0 2.000000 154.000000 0 20.000000 196.000000 0 31.000000 242.000000
00026 10 0 40.000000 254.000000 0 42.000000 250.000000 0 48.000000 255.000000 0 24.000000 200.000000 0 23.000000 193.000000 0 35.000000 239.000000 0 55.000000 247.000000 0 47.000000 250.000000 0 55.000000 244.000000 0 31.000000 229.000000
00027 10 0 39.000000 253.000000 0 23.000000 200.000000 0 207.000000 120.000000 0 47.000000 255.000000 0 23.000000 193.000000 0 237.000000 28.000000 0 47.000000 250.000000 0 18.000000 122.000000 0 34.000000 239.000000 0 7.000000 120.000000
00028 10 0 37.000000 255.000000 0 37.000000 250.000000 0 38.000000 250.000000 0 18.000000 198.000000 0 15.000000 123.000000 0 205.000000 120.000000 0 21.000000 200.000000 0 31.000000 239.000000 0 202.000000 120.000000 0 23.000000 228.000000
00029 10 0 53.000000 248.000000 0 39.000000 255.000000 0 23.000000 200.000000 0 48.000000 247.000000 0 20.000000 200.000000 0 23.000000 203.000000 0 22.000000 196.000000 0 22.000000 197.000000 0 34.000000 243.000000 0 206.000000 123.000000
00030 10 0 42.000000 254.000000 0 42.000000 253.000000 0 41.000000 255.000000 0 22.000000 199.000000 0 23.000000 195.000000 0 51.000000 244.000000 0 237.000000 29.000000 0 51.000000 243.000000 0 35.000000 242.000000 0 55.000000 248.000000
00031 10 0 39.000000 255.000000 0 20.000000 200.000000 0 23.000000 203.000000 0 48.000000 244.000000 0 45.000000 255.000000 0 51.000000 247.000000 0 24.000000 230.000000 0 16.000000 126.000000 0 19.000000 196.000000 0 31.000000 232.000000
00032 10 0 38.000000 254.000000 0 38.000000 253.000000 0 37.000000 250.000000 0 53.000000 242.000000 0 43.000000 255.000000 0 21.000000 198.000000 0 21.000000 199.000000 0 20.000000 192.000000 0 15.000000 121.000000 0 26.000000 199.000000
00033 10 0 40.000000 252.000000 0 42.000000 255.000000 0 48.000000 255.000000 0 23.000000 199.000000 0 22.000000 199.000000 0 34.000000 241.000000 0 237.000000 29.000000 0 52.000000 245.000000 0 53.000000 245.000000 0 29.000000 200.000000
00034 10 0 36.000000 255.000000 0 36.000000 252.000000 0 39.000000 252.000000 0 21.000000 202.000000 0 18.000000 198.000000 0 31.000000 240.000000 0 24.000000 199.000000 0 19.000000 193.000000 0 19.000000 192.000000 0 46.000000 243.000000
00035 10 0 40.000000 255.000000 0 40.000000 252.000000 0 47.000000 255.000000 0 24.000000 200.000000 0 27.000000 198.000000 0 34.000000 240.000000 0 55.000000 244.000000 0 18.000000 122.000000 0 17.000000 122.000000 0 50.000000 241.000000
00036 10 0 39.000000 252.000000 0 39.000000 249.000000 0 24.000000 200.000000 0 16.000000 121.000000 0 47.000000 255.000000 0 20.000000 192.000000 0 20.000000 196.000000 0 21.000000 200.000000 0 32.000000 239.000000 0 52.000000 244.000000
00037 10 0 40.000000 251.000000 0 40.000000 255.000000 0 24.000000 199.000000 0 53.000000 245.000000 0 32.000000 230.000000 0 50.000000 242.000000 0 21.000000 200.000000 0 22.000000 192.000000 0 21.000000 192.000000 0 27.000000 247.000000
00038 10 0 40.000000 255.000000 0 36.000000 255.000000 0 36.000000 252.000000 0 48.000000 245.000000 0 26.000000 199.000000 0 21.000000 201.000000 0 25.000000 199.000000 0 18.000000 198.000000 0 206.000000 120.000000 0 234.000000 28.000000
00039 10 0 40.000000 255.000000 0 39.000000 249.000000 0 40.000000 248.000000 0 21.000000 196.000000 0 24.000000 200.000000 0 20.000000 192.000000 0 46.000000 247.000000 0 50.000000 243.000000 0 50.000000 244.000000 0 31.000000 246.000000
00040 10 0 40.000000 253.000000 0 37.000000 250.000000 0 19.000000 198.000000 0 31.000000 239.000000 0 23.000000 199.000000 0 44.000000 254.000000 0 23.000000 200.000000 0 205.000000 120.000000 0 49.000000 245.000000 0 18.000000 192.000000
00041 10 0 39.000000 253.000000 0 39.000000 250.000000 0 19.000000 197.000000 0 51.000000 246.000000 0 23.000000 200.000000 0 31.000000 240.000000 0 23.000000 197.000000 0 48.000000 243.000000 0 45.000000 255.000000 0 44.000000 253.000000
00042 10 0 39.000000 254.000000 0 42.000000 253.000000 0 55.000000 247.000000 0 22.000000 200.000000 0 23.000000 200.000000 0 26.000000 202.000000 0 204.000000 123.000000 0 31.000000 232.000000 0 236.000000 31.000000 0 239.000000 136.000000
00043 10 0 42.000000 252.000000 0 42.000000 253.000000 0 23.000000 200.000000 0 35.000000 240.000000 0 46.000000 254.000000 0 54.000000 247.000000 0 53.000000 243.000000 0 18.000000 122.000000 0 27.000000 200.000000 0 22.000000 193.000000
00044 10 0 39.000000 254.000000 0 24.000000 205.000000 0 21.000000 200.000000 0 53.000000 248.000000 0 48.000000 255.000000 0 48.000000 243.000000 0 34.000000 243.000000 0 18.000000 124.000000 0 17.000000 124.000000 0 17.000000 125.000000
00045 10 0 38.000000 252.000000 0 39.000000 252.000000 0 24.000000 200.000000 0 32.000000 238.000000 0 235.000000 27.000000 0 19.000000 192.000000 0 19.000000 197.000000 0 208.000000 119.000000 0 46.000000 254.000000 0 51.000000 243.000000
00046 10 0 37.000000 255.000000 0 24.000000 231.000000 0 19.000000 200.000000 0 20.000000 195.000000 0 21.000000 203.000000 0 25.000000 200.000000 0 24.000000 200.000000 0 32.000000 243.000000 0 48.000000 247.000000 0 56.000000 247.000000
00047 10 0 37.000000 254.000000 0 39.000000 250.000000 0 41.000000 254.000000 0 24.000000 200.000000 0 21.000000 199.000000 0 18.000000 193.000000 0 52.000000 243.000000 0 48.000000 245.000000 0 24.000000 229.000000 0 31.000000 240.000000
00048 10 0 39.000000 254.000000 0 39.000000 253.000000 0 21.000000 196.000000 0 53.000000 248.000000 0 23.000000 203.000000 0 20.000000 201.000000 0 235.000000 31.000000 0 20.000000 200.000000 0 32.000000 242.000000 0 45.000000 231.000000
00049 10 0 35.000000 255.000000 0 39.000000 255.000000 0 37.000000 252.000000 0 18.000000 199.000000 0 22.000000 200.000000 0 48.000000 245.000000 0 44.000000 255.000000 0 24.000000 230.000000 0 31.000000 239.000000 0 13.000000 123.000000
00050 10 0 39.000000 253.000000 0 39.000000 254.000000 0 24.000000 200.000000 0 56.000000 243.000000 0 21.000000 196.000000 0 21.000000 193.000000 0 208.000000 119.000000 0 21.000000 192.000000 0 32.000000 240.000000 0 52.000000 243.000000
