00001 10 0 52.000000 85.000000 0 10.000000 151.000000 0 69.000000 95.000000 0 21.000000 255.000000 0 20.000000 151.000000 0 39.000000 253.000000 0 16.000000 151.000000 0 2.000000 251.000000 0 244.000000 63.000000 0 19.000000 160.000000
00002 10 0 53.000000 85.000000 0 53.000000 86.000000 0 53.000000 87.000000 0 11.000000 155.000000 0 24.000000 255.000000 0 71.000000 95.000000 0 10.000000 150.000000 0 21.000000 151.000000 0 233.000000 63.000000 0 55.000000 75.000000
00003 10 0 50.000000 86.000000 0 69.000000 96.000000 0 231.000000 64.000000 0 8.000000 149.000000 0 11.000000 151.000000 0 21.000000 255.000000 0 18.000000 151.000000 0 15.000000 255.000000 0 0.000000 237.000000 0 99.000000 107.000000
00004 10 0 52.000000 84.000000 0 52.000000 83.000000 0 51.000000 84.000000 0 23.000000 254.000000 0 23.000000 255.000000 0 7.000000 149.000000 0 10.000000 151.000000 0 10.000000 150.000000 0 79.000000 95.000000 0 16.000000 255.000000
00005 10 0 51.000000 88.000000 0 52.000000 88.000000 0 53.000000 85.000000 0 39.000000 255.000000 0 54.000000 75.000000 0 9.000000 151.000000 0 23.000000 255.000000 0 0.000000 143.000000 0 2.000000 252.000000 0 85.000000 104.000000
00006 10 0 53.000000 87.000000 0 52.000000 87.000000 0 21.000000 151.000000 0 71.000000 95.000000 0 0.000000 240.000000 0 0.000000 144.000000 0 8.000000 149.000000 0 87.000000 104.000000 0 9.000000 149.000000 0 24.000000 255.000000
00007 10 0 51.000000 85.000000 0 21.000000 255.000000 0 79.000000 95.000000 0 17.000000 150.000000 0 69.000000 96.000000 0 8.000000 151.000000 0 74.000000 96.000000 0 51.000000 77.000000 0 75.000000 96.000000 0 99.000000 106.000000
00008 10 0 23.000000 255.000000 0 52.000000 85.000000 0 52.000000 84.000000 0 51.000000 85.000000 0 39.000000 253.000000 0 10.000000 149.000000 0 7.000000 152.000000 0 10.000000 150.000000 0 54.000000 74.000000 0 21.000000 151.000000
00009 10 0 51.000000 84.000000 0 22.000000 255.000000 0 21.000000 255.000000 0 8.000000 149.000000 0 16.000000 255.000000 0 79.000000 95.000000 0 20.000000 150.000000 0 231.000000 62.000000 0 100.000000 106.000000 0 39.000000 252.000000
00010 10 0 52.000000 86.000000 0 23.000000 255.000000 0 10.000000 151.000000 0 16.000000 255.000000 0 20.000000 151.000000 0 55.000000 75.000000 0 232.000000 64.000000 0 71.000000 95.000000 0 81.000000 96.000000 0 82.000000 96.000000
00011 10 0 52.000000 86.000000 0 71.000000 95.000000 0 12.000000 149.000000 0 11.000000 149.000000 0 23.000000 255.000000 0 19.000000 150.000000 0 15.000000 151.000000 0 85.000000 103.000000 0 54.000000 76.000000 0 54.000000 75.000000
00012 10 0 52.000000 87.000000 0 53.000000 84.000000 0 23.000000 255.000000 0 9.000000 149.000000 0 10.000000 150.000000 0 8.000000 149.000000 0 71.000000 95.000000 0 70.000000 95.000000 0 23.000000 151.000000 0 40.000000 253.000000
00013 10 0 53.000000 86.000000 0 53.000000 84.000000 0 53.000000 85.000000 0 23.000000 255.000000 0 71.000000 96.000000 0 11.000000 151.000000 0 11.000000 150.000000 0 16.000000 254.000000 0 55.000000 74.000000 0 40.000000 253.000000
00014 10 0 51.000000 84.000000 0 51.000000 85.000000 0 21.000000 255.000000 0 79.000000 95.000000 0 8.000000 152.000000 0 20.000000 150.000000 0 8.000000 149.000000 0 16.000000 254.000000 0 16.000000 255.000000 0 231.000000 63.000000
00015 10 0 52.000000 86.000000 0 71.000000 95.000000 0 10.000000 151.000000 0 16.000000 255.000000 0 40.000000 254.000000 0 23.000000 255.000000 0 0.000000 242.000000 0 20.000000 151.000000 0 100.000000 107.000000 0 82.000000 96.000000
00016 10 0 53.000000 85.000000 0 53.000000 86.000000 0 20.000000 151.000000 0 10.000000 150.000000 0 23.000000 255.000000 0 71.000000 96.000000 0 101.000000 109.000000 0 5.000000 167.000000 0 55.000000 75.000000 0 54.000000 75.000000
00017 10 0 51.000000 87.000000 0 21.000000 255.000000 0 68.000000 95.000000 0 7.000000 150.000000 0 17.000000 152.000000 0 10.000000 151.000000 0 79.000000 95.000000 0 19.000000 151.000000 0 79.000000 96.000000 0 8.000000 155.000000
00018 10 0 51.000000 86.000000 0 51.000000 87.000000 0 51.000000 88.000000 0 52.000000 88.000000 0 8.000000 151.000000 0 51.000000 77.000000 0 16.000000 255.000000 0 70.000000 95.000000 0 69.000000 95.000000 0 16.000000 150.000000
00019 10 0 53.000000 85.000000 0 52.000000 88.000000 0 23.000000 255.000000 0 10.000000 151.000000 0 71.000000 96.000000 0 20.000000 151.000000 0 16.000000 255.000000 0 82.000000 97.000000 0 85.000000 104.000000 0 7.000000 154.000000
00020 10 0 50.000000 86.000000 0 21.000000 255.000000 0 7.000000 151.000000 0 11.000000 151.000000 0 0.000000 248.000000 0 69.000000 95.000000 0 17.000000 150.000000 0 52.000000 77.000000 0 80.000000 95.000000 0 0.000000 237.000000
00021 10 0 53.000000 85.000000 0 53.000000 84.000000 0 23.000000 255.000000 0 9.000000 151.000000 0 8.000000 151.000000 0 5.000000 167.000000 0 71.000000 96.000000 0 85.000000 103.000000 0 3.000000 236.000000 0 3.000000 237.000000
00022 10 0 51.000000 84.000000 0 51.000000 85.000000 0 23.000000 255.000000 0 8.000000 149.000000 0 69.000000 95.000000 0 232.000000 63.000000 0 39.000000 253.000000 0 21.000000 151.000000 0 16.000000 255.000000 0 85.000000 103.000000
00023 10 0 51.000000 85.000000 0 21.000000 254.000000 0 8.000000 149.000000 0 231.000000 63.000000 0 39.000000 252.000000 0 55.000000 73.000000 0 16.000000 148.000000 0 243.000000 63.000000 0 16.000000 151.000000 0 79.000000 95.000000
00024 10 0 51.000000 85.000000 0 22.000000 255.000000 0 23.000000 255.000000 0 80.000000 96.000000 0 69.000000 95.000000 0 10.000000 150.000000 0 10.000000 151.000000 0 16.000000 148.000000 0 39.000000 253.000000 0 230.000000 63.000000
00025 10 0 51.000000 85.000000 0 21.000000 255.000000 0 52.000000 82.000000 0 69.000000 95.000000 0 8.000000 151.000000 0 9.000000 151.000000 0 80.000000 96.000000 0 20.000000 150.000000 0 232.000000 63.000000 0 16.000000 255.000000
00026 10 0 51.000000 84.000000 0 51.000000 85.000000 0 21.000000 255.000000 0 7.000000 150.000000 0 7.000000 149.000000 0 19.000000 160.000000 0 68.000000 95.000000 0 68.000000 94.000000 0 0.000000 241.000000 0 231.000000 62.000000
00027 10 0 53.000000 85.000000 0 71.000000 95.000000 0 8.000000 149.000000 0 9.000000 149.000000 0 23.000000 254.000000 0 23.000000 255.000000 0 86.000000 103.000000 0 82.000000 96.000000 0 82.000000 97.000000 0 16.000000 254.000000
00028 10 0 51.000000 86.000000 0 18.000000 151.000000 0 21.000000 255.000000 0 8.000000 150.000000 0 7.000000 151.000000 0 0.000000 250.000000 0 16.000000 154.000000 0 69.000000 95.000000 0 69.000000 94.000000 0 70.000000 95.000000
00029 10 0 23.000000 255.000000 0 52.000000 85.000000 0 9.000000 151.000000 0 10.000000 151.000000 0 10.000000 150.000000 0 9.000000 150.000000 0 8.000000 150.000000 0 40.000000 253.000000 0 71.000000 95.000000 0 5.000000 167.000000
00030 10 0 52.000000 85.000000 0 8.000000 151.000000 0 16.000000 150.000000 0 39.000000 255.000000 0 20.000000 151.000000 0 52.000000 77.000000 0 0.000000 243.000000 0 79.000000 95.000000 0 232.000000 64.000000 0 79.000000 96.000000
00031 10 0 50.000000 87.000000 0 9.000000 151.000000 0 10.000000 151.000000 0 69.000000 95.000000 0 72.000000 95.000000 0 79.000000 95.000000 0 16.000000 150.000000 0 20.000000 152.000000 0 231.000000 64.000000 0 22.000000 255.000000
00032 10 0 52.000000 86.000000 0 51.000000 85.000000 0 52.000000 85.000000 0 51.000000 86.000000 0 16.000000 255.000000 0 71.000000 96.000000 0 10.000000 151.000000 0 9.000000 151.000000 0 80.000000 97.000000 0 80.000000 96.000000
00033 10 0 50.000000 85.000000 0 51.000000 85.000000 0 21.000000 255.000000 0 19.000000 151.000000 0 69.000000 95.000000 0 8.000000 149.000000 0 68.000000 95.000000 0 79.000000 95.000000 0 0.000000 251.000000 0 8.000000 154.000000
00034 10 0 50.000000 84.000000 0 21.000000 255.000000 0 69.000000 95.000000 0 16.000000 151.000000 0 8.000000 149.000000 0 8.000000 150.000000 0 20.000000 150.000000 0 0.000000 240.000000 0 19.000000 150.000000 0 19.000000 151.000000
00035 10 0 51.000000 84.000000 0 8.000000 150.000000 0 8.000000 149.000000 0 231.000000 63.000000 0 21.000000 255.000000 0 79.000000 95.000000 0 71.000000 93.000000 0 20.000000 150.000000 0 16.000000 151.000000 0 3.000000 167.000000
00036 10 0 7.000000 152.000000 0 51.000000 88.000000 0 51.000000 85.000000 0 21.000000 255.000000 0 69.000000 96.000000 0 68.000000 96.000000 0 79.000000 95.000000 0 16.000000 155.000000 0 19.000000 151.000000 0 11.000000 149.000000
00037 10 0 51.000000 85.000000 0 51.000000 86.000000 0 69.000000 95.000000 0 7.000000 151.000000 0 16.000000 150.000000 0 21.000000 255.000000 0 8.000000 152.000000 0 90.000000 103.000000 0 15.000000 253.000000 0 15.000000 254.000000
00038 10 0 51.000000 84.000000 0 51.000000 85.000000 0 10.000000 151.000000 0 10.000000 150.000000 0 22.000000 254.000000 0 21.000000 254.000000 0 7.000000 149.000000 0 231.000000 63.000000 0 39.000000 253.000000 0 20.000000 150.000000
00039 10 0 51.000000 85.000000 0 232.000000 63.000000 0 23.000000 255.000000 0 10.000000 149.000000 0 10.000000 150.000000 0 82.000000 96.000000 0 9.000000 154.000000 0 8.000000 154.000000 0 39.000000 253.000000 0 70.000000 95.000000
00040 10 0 51.000000 85.000000 0 50.000000 86.000000 0 50.000000 85.000000 0 21.000000 255.000000 0 8.000000 152.000000 0 16.000000 150.000000 0 16.000000 151.000000 0 69.000000 95.000000 0 15.000000 253.000000 0 79.000000 95.000000
00041 10 0 51.000000 85.000000 0 8.000000 152.000000 0 21.000000 255.000000 0 243.000000 63.000000 0 79.000000 96.000000 0 79.000000 95.000000 0 15.000000 151.000000 0 16.000000 150.000000 0 80.000000 95.000000 0 69.000000 95.000000
00042 10 0 52.000000 83.000000 0 23.000000 255.000000 0 10.000000 151.000000 0 10.000000 150.000000 0 79.000000 104.000000 0 15.000000 253.000000 0 39.000000 253.000000 0 20.000000 151.000000 0 20.000000 150.000000 0 8.000000 164.000000
00043 10 0 51.000000 86.000000 0 51.000000 87.000000 0 39.000000 255.000000 0 7.000000 151.000000 0 10.000000 152.000000 0 15.000000 255.000000 0 70.000000 96.000000 0 80.000000 96.000000 0 2.000000 252.000000 0 53.000000 77.000000
00044 10 0 53.000000 85.000000 0 53.000000 84.000000 0 23.000000 255.000000 0 10.000000 149.000000 0 10.000000 150.000000 0 20.000000 150.000000 0 54.000000 74.000000 0 80.000000 95.000000 0 80.000000 96.000000 0 80.000000 94.000000
00045 10 0 23.000000 255.000000 0 51.000000 84.000000 0 52.000000 84.000000 0 39.000000 253.000000 0 10.000000 149.000000 0 80.000000 96.000000 0 231.000000 63.000000 0 16.000000 255.000000 0 17.000000 148.000000 0 37.000000 140.000000
00046 10 0 52.000000 88.000000 0 51.000000 88.000000 0 53.000000 85.000000 0 8.000000 151.000000 0 69.000000 96.000000 0 21.000000 255.000000 0 18.000000 151.000000 0 15.000000 255.000000 0 231.000000 65.000000 0 79.000000 96.000000
00047 10 0 51.000000 85.000000 0 23.000000 255.000000 0 22.000000 255.000000 0 10.000000 151.000000 0 10.000000 150.000000 0 39.000000 253.000000 0 4.000000 168.000000 0 231.000000 63.000000 0 18.000000 149.000000 0 73.000000 93.000000
00048 10 0 52.000000 86.000000 0 52.000000 85.000000 0 71.000000 96.000000 0 23.000000 255.000000 0 10.000000 151.000000 0 15.000000 151.000000 0 81.000000 95.000000 0 22.000000 160.000000 0 23.000000 160.000000 0 21.000000 160.000000
00049 10 0 21.000000 255.000000 0 51.000000 85.000000 0 18.000000 160.000000 0 21.000000 151.000000 0 69.000000 94.000000 0 69.000000 93.000000 0 7.000000 150.000000 0 17.000000 150.000000 0 15.000000 240.000000 0 8.000000 149.000000
00050 10 0 51.000000 84.000000 0 21.000000 255.000000 0 8.000000 151.000000 0 16.000000 255.000000 0 79.000000 96.000000 0 16.000000 151.000000 0 20.000000 150.000000 0 20.000000 151.000000 0 243.000000 63.000000 0 231.000000 63.000000
