00001 10 0 33.000000 45.000000 0 32.000000 45.000000 0 31.000000 45.000000 0 34.000000 48.000000 0 35.000000 48.000000 0 39.000000 51.000000 0 36.000000 56.000000 0 21.000000 87.000000 0 20.000000 87.000000 0 26.000000 47.000000
00002 10 0 31.000000 47.000000 0 31.000000 46.000000 0 34.000000 47.000000 0 32.000000 55.000000 0 24.000000 48.000000 0 37.000000 51.000000 0 38.000000 51.000000 0 39.000000 51.000000 0 38.000000 52.000000 0 39.000000 52.000000
00003 10 0 35.000000 46.000000 0 35.000000 47.000000 0 35.000000 48.000000 0 23.000000 90.000000 0 39.000000 52.000000 0 39.000000 51.000000 0 40.000000 56.000000 0 35.000000 56.000000 0 27.000000 48.000000 0 30.000000 46.000000
00004 10 0 34.000000 46.000000 0 35.000000 47.000000 0 34.000000 45.000000 0 35.000000 46.000000 0 35.000000 45.000000 0 38.000000 52.000000 0 38.000000 51.000000 0 42.000000 52.000000 0 43.000000 52.000000 0 43.000000 51.000000
00005 10 0 35.000000 44.000000 0 23.000000 88.000000 0 39.000000 48.000000 0 40.000000 52.000000 0 59.000000 58.000000 0 48.000000 55.000000 0 60.000000 58.000000 0 29.000000 45.000000 0 39.000000 55.000000 0 56.000000 60.000000
00006 10 0 31.000000 46.000000 0 34.000000 48.000000 0 24.000000 47.000000 0 18.000000 87.000000 0 19.000000 88.000000 0 228.000000 71.000000 0 32.000000 55.000000 0 39.000000 48.000000 0 55.000000 56.000000 0 53.000000 55.000000
00007 10 0 31.000000 47.000000 0 31.000000 46.000000 0 32.000000 47.000000 0 24.000000 48.000000 0 19.000000 89.000000 0 19.000000 90.000000 0 39.000000 55.000000 0 36.000000 56.000000 0 55.000000 59.000000 0 35.000000 56.000000
00008 10 0 33.000000 47.000000 0 32.000000 47.000000 0 28.000000 48.000000 0 21.000000 88.000000 0 40.000000 56.000000 0 40.000000 52.000000 0 40.000000 103.000000 0 19.000000 79.000000 0 56.000000 61.000000 0 19.000000 78.000000
00009 10 0 31.000000 44.000000 0 32.000000 48.000000 0 33.000000 48.000000 0 55.000000 55.000000 0 19.000000 87.000000 0 39.000000 52.000000 0 39.000000 51.000000 0 38.000000 51.000000 0 40.000000 48.000000 0 32.000000 55.000000
00010 10 0 31.000000 48.000000 0 19.000000 90.000000 0 40.000000 53.000000 0 34.000000 48.000000 0 56.000000 60.000000 0 37.000000 52.000000 0 55.000000 59.000000 0 36.000000 56.000000 0 36.000000 55.000000 0 35.000000 56.000000
00011 10 0 31.000000 45.000000 0 31.000000 48.000000 0 19.000000 88.000000 0 31.000000 55.000000 0 40.000000 51.000000 0 24.000000 46.000000 0 24.000000 45.000000 0 35.000000 48.000000 0 39.000000 48.000000 0 37.000000 48.000000
00012 10 0 35.000000 44.000000 0 42.000000 49.000000 0 37.000000 48.000000 0 38.000000 48.000000 0 23.000000 88.000000 0 231.000000 69.000000 0 58.000000 55.000000 0 36.000000 52.000000 0 36.000000 53.000000 0 37.000000 53.000000
00013 10 0 31.000000 43.000000 0 24.000000 45.000000 0 56.000000 56.000000 0 41.000000 47.000000 0 28.000000 42.000000 0 42.000000 47.000000 0 37.000000 48.000000 0 40.000000 47.000000 0 36.000000 48.000000 0 20.000000 86.000000
00014 10 0 23.000000 88.000000 0 35.000000 45.000000 0 35.000000 44.000000 0 59.000000 58.000000 0 35.000000 48.000000 0 60.000000 58.000000 0 232.000000 71.000000 0 40.000000 47.000000 0 41.000000 51.000000 0 56.000000 60.000000
00015 10 0 31.000000 43.000000 0 31.000000 44.000000 0 20.000000 87.000000 0 36.000000 52.000000 0 35.000000 52.000000 0 37.000000 52.000000 0 40.000000 48.000000 0 37.000000 48.000000 0 26.000000 42.000000 0 37.000000 47.000000
00016 10 0 31.000000 46.000000 0 24.000000 46.000000 0 56.000000 58.000000 0 32.000000 55.000000 0 40.000000 51.000000 0 36.000000 100.000000 0 19.000000 88.000000 0 20.000000 88.000000 0 216.000000 76.000000 0 213.000000 76.000000
00017 10 0 31.000000 45.000000 0 23.000000 47.000000 0 37.000000 47.000000 0 39.000000 52.000000 0 40.000000 50.000000 0 40.000000 51.000000 0 38.000000 51.000000 0 56.000000 58.000000 0 19.000000 88.000000 0 18.000000 52.000000
00018 10 0 31.000000 47.000000 0 30.000000 47.000000 0 19.000000 88.000000 0 32.000000 55.000000 0 228.000000 71.000000 0 38.000000 50.000000 0 39.000000 52.000000 0 56.000000 58.000000 0 38.000000 51.000000 0 23.000000 48.000000
00019 10 0 32.000000 44.000000 0 31.000000 44.000000 0 31.000000 43.000000 0 33.000000 44.000000 0 40.000000 48.000000 0 21.000000 87.000000 0 31.000000 40.000000 0 25.000000 45.000000 0 37.000000 52.000000 0 230.000000 69.000000
00020 10 0 30.000000 43.000000 0 32.000000 43.000000 0 32.000000 44.000000 0 29.000000 43.000000 0 33.000000 44.000000 0 42.000000 48.000000 0 20.000000 86.000000 0 36.000000 52.000000 0 37.000000 52.000000 0 231.000000 69.000000
00021 10 0 32.000000 47.000000 0 27.000000 48.000000 0 32.000000 44.000000 0 39.000000 56.000000 0 40.000000 103.000000 0 24.000000 50.000000 0 216.000000 78.000000 0 22.000000 90.000000 0 58.000000 58.000000 0 21.000000 90.000000
00022 10 0 31.000000 47.000000 0 35.000000 47.000000 0 35.000000 46.000000 0 39.000000 55.000000 0 37.000000 55.000000 0 38.000000 55.000000 0 40.000000 51.000000 0 41.000000 51.000000 0 41.000000 52.000000 0 19.000000 76.000000
00023 10 0 32.000000 47.000000 0 27.000000 48.000000 0 50.000000 55.000000 0 38.000000 56.000000 0 33.000000 44.000000 0 36.000000 51.000000 0 32.000000 44.000000 0 21.000000 89.000000 0 21.000000 88.000000 0 24.000000 50.000000
00024 10 0 35.000000 47.000000 0 37.000000 51.000000 0 23.000000 90.000000 0 40.000000 55.000000 0 43.000000 52.000000 0 36.000000 50.000000 0 37.000000 50.000000 0 26.000000 48.000000 0 29.000000 47.000000 0 47.000000 56.000000
00025 10 0 34.000000 45.000000 0 35.000000 45.000000 0 40.000000 51.000000 0 232.000000 69.000000 0 23.000000 88.000000 0 37.000000 55.000000 0 59.000000 56.000000 0 40.000000 100.000000 0 28.000000 47.000000 0 26.000000 48.000000
00026 10 0 27.000000 48.000000 0 28.000000 48.000000 0 32.000000 45.000000 0 33.000000 45.000000 0 34.000000 45.000000 0 35.000000 48.000000 0 21.000000 88.000000 0 59.000000 59.000000 0 232.000000 72.000000 0 36.000000 56.000000
00027 10 0 32.000000 48.000000 0 38.000000 53.000000 0 28.000000 48.000000 0 39.000000 53.000000 0 20.000000 90.000000 0 38.000000 50.000000 0 231.000000 72.000000 0 36.000000 58.000000 0 36.000000 57.000000 0 50.000000 55.000000
00028 10 0 23.000000 88.000000 0 34.000000 45.000000 0 35.000000 45.000000 0 39.000000 48.000000 0 35.000000 42.000000 0 39.000000 55.000000 0 40.000000 52.000000 0 42.000000 52.000000 0 232.000000 71.000000 0 41.000000 52.000000
00029 10 0 23.000000 89.000000 0 35.000000 45.000000 0 35.000000 46.000000 0 36.000000 45.000000 0 36.000000 47.000000 0 34.000000 45.000000 0 37.000000 47.000000 0 36.000000 46.000000 0 35.000000 48.000000 0 39.000000 48.000000
00030 10 0 32.000000 47.000000 0 31.000000 48.000000 0 56.000000 58.000000 0 20.000000 90.000000 0 40.000000 52.000000 0 56.000000 61.000000 0 231.000000 73.000000 0 57.000000 61.000000 0 48.000000 55.000000 0 36.000000 56.000000
00031 10 0 31.000000 46.000000 0 31.000000 45.000000 0 24.000000 46.000000 0 228.000000 71.000000 0 19.000000 88.000000 0 39.000000 48.000000 0 34.000000 48.000000 0 38.000000 48.000000 0 36.000000 48.000000 0 36.000000 49.000000
00032 10 0 34.000000 44.000000 0 33.000000 43.000000 0 34.000000 43.000000 0 60.000000 56.000000 0 40.000000 99.000000 0 22.000000 87.000000 0 48.000000 53.000000 0 28.000000 45.000000 0 29.000000 45.000000 0 39.000000 39.000000
00033 10 0 35.000000 48.000000 0 31.000000 48.000000 0 27.000000 48.000000 0 39.000000 56.000000 0 35.000000 58.000000 0 21.000000 89.000000 0 21.000000 88.000000 0 39.000000 104.000000 0 18.000000 80.000000 0 215.000000 79.000000
00034 10 0 36.000000 50.000000 0 35.000000 46.000000 0 35.000000 45.000000 0 31.000000 44.000000 0 232.000000 71.000000 0 28.000000 47.000000 0 41.000000 51.000000 0 41.000000 52.000000 0 37.000000 55.000000 0 59.000000 59.000000
00035 10 0 30.000000 47.000000 0 31.000000 47.000000 0 27.000000 48.000000 0 231.000000 72.000000 0 40.000000 52.000000 0 36.000000 51.000000 0 36.000000 57.000000 0 215.000000 79.000000 0 24.000000 50.000000 0 24.000000 90.000000
00036 10 0 31.000000 43.000000 0 31.000000 44.000000 0 19.000000 87.000000 0 35.000000 47.000000 0 40.000000 48.000000 0 229.000000 69.000000 0 36.000000 51.000000 0 37.000000 51.000000 0 34.000000 51.000000 0 35.000000 51.000000
00037 10 0 31.000000 43.000000 0 31.000000 44.000000 0 39.000000 48.000000 0 35.000000 48.000000 0 34.000000 52.000000 0 56.000000 56.000000 0 57.000000 56.000000 0 39.000000 52.000000 0 24.000000 45.000000 0 16.000000 75.000000
00038 10 0 32.000000 47.000000 0 19.000000 88.000000 0 26.000000 47.000000 0 27.000000 47.000000 0 16.000000 80.000000 0 26.000000 46.000000 0 27.000000 46.000000 0 32.000000 56.000000 0 228.000000 72.000000 0 228.000000 71.000000
00039 10 0 32.000000 47.000000 0 33.000000 47.000000 0 27.000000 48.000000 0 37.000000 50.000000 0 37.000000 51.000000 0 36.000000 50.000000 0 40.000000 53.000000 0 41.000000 53.000000 0 21.000000 88.000000 0 35.000000 56.000000
00040 10 0 31.000000 46.000000 0 31.000000 45.000000 0 56.000000 59.000000 0 19.000000 90.000000 0 37.000000 52.000000 0 39.000000 52.000000 0 37.000000 51.000000 0 38.000000 52.000000 0 38.000000 51.000000 0 39.000000 51.000000
00041 10 0 31.000000 43.000000 0 31.000000 44.000000 0 31.000000 40.000000 0 38.000000 47.000000 0 39.000000 47.000000 0 25.000000 45.000000 0 56.000000 55.000000 0 20.000000 87.000000 0 35.000000 52.000000 0 36.000000 52.000000
00042 10 0 36.000000 46.000000 0 35.000000 47.000000 0 36.000000 47.000000 0 35.000000 46.000000 0 39.000000 48.000000 0 232.000000 71.000000 0 48.000000 55.000000 0 39.000000 56.000000 0 42.000000 51.000000 0 42.000000 52.000000
00043 10 0 31.000000 46.000000 0 30.000000 46.000000 0 31.000000 45.000000 0 30.000000 45.000000 0 34.000000 47.000000 0 35.000000 47.000000 0 32.000000 56.000000 0 18.000000 88.000000 0 40.000000 51.000000 0 55.000000 56.000000
00044 10 0 31.000000 44.000000 0 31.000000 43.000000 0 34.000000 48.000000 0 40.000000 48.000000 0 26.000000 44.000000 0 26.000000 43.000000 0 21.000000 87.000000 0 56.000000 56.000000 0 57.000000 56.000000 0 23.000000 47.000000
00045 10 0 32.000000 48.000000 0 32.000000 49.000000 0 36.000000 48.000000 0 39.000000 55.000000 0 35.000000 53.000000 0 56.000000 61.000000 0 231.000000 71.000000 0 25.000000 48.000000 0 24.000000 48.000000 0 37.000000 103.000000
00046 10 0 35.000000 48.000000 0 35.000000 45.000000 0 36.000000 45.000000 0 39.000000 48.000000 0 23.000000 89.000000 0 42.000000 52.000000 0 42.000000 51.000000 0 43.000000 52.000000 0 23.000000 90.000000 0 43.000000 51.000000
00047 10 0 34.000000 45.000000 0 40.000000 55.000000 0 232.000000 71.000000 0 43.000000 52.000000 0 43.000000 51.000000 0 60.000000 58.000000 0 37.000000 55.000000 0 28.000000 47.000000 0 56.000000 55.000000 0 20.000000 76.000000
00048 10 0 35.000000 45.000000 0 36.000000 45.000000 0 35.000000 44.000000 0 31.000000 42.000000 0 23.000000 88.000000 0 35.000000 40.000000 0 36.000000 40.000000 0 41.000000 51.000000 0 24.000000 48.000000 0 40.000000 51.000000
00049 10 0 36.000000 48.000000 0 37.000000 48.000000 0 32.000000 44.000000 0 34.000000 44.000000 0 29.000000 43.000000 0 33.000000 43.000000 0 33.000000 44.000000 0 29.000000 44.000000 0 32.000000 43.000000 0 21.000000 86.000000
00050 10 0 31.000000 45.000000 0 19.000000 88.000000 0 40.000000 51.000000 0 24.000000 46.000000 0 24.000000 45.000000 0 32.000000 55.000000 0 56.000000 55.000000 0 48.000000 52.000000 0 38.000000 104.000000 0 15.000000 76.000000
