00001 10 0 18.000000 240.000000 0 216.000000 29.000000 0 15.000000 229.000000 0 15.000000 226.000000 0 11.000000 224.000000 0 222.000000 28.000000 0 223.000000 31.000000 0 223.000000 28.000000 0 15.000000 223.000000 0 19.000000 247.000000
00002 10 0 216.000000 32.000000 0 220.000000 31.000000 0 15.000000 231.000000 0 55.000000 216.000000 0 13.000000 227.000000 0 16.000000 228.000000 0 17.000000 248.000000 0 218.000000 27.000000 0 15.000000 235.000000 0 224.000000 32.000000
00003 10 0 16.000000 230.000000 0 215.000000 31.000000 0 215.000000 28.000000 0 15.000000 239.000000 0 16.000000 236.000000 0 20.000000 248.000000 0 12.000000 233.000000 0 12.000000 234.000000 0 223.000000 32.000000 0 20.000000 253.000000
00004 10 0 216.000000 26.000000 0 216.000000 27.000000 0 217.000000 26.000000 0 218.000000 32.000000 0 16.000000 232.000000 0 53.000000 215.000000 0 16.000000 245.000000 0 13.000000 232.000000 0 7.000000 223.000000 0 14.000000 227.000000
00005 10 0 218.000000 28.000000 0 18.000000 231.000000 0 41.000000 255.000000 0 224.000000 32.000000 0 23.000000 246.000000 0 21.000000 229.000000 0 16.000000 227.000000 0 18.000000 244.000000 0 17.000000 244.000000 0 20.000000 248.000000
00006 10 0 220.000000 27.000000 0 23.000000 249.000000 0 22.000000 249.000000 0 223.000000 31.000000 0 39.000000 255.000000 0 17.000000 236.000000 0 17.000000 230.000000 0 16.000000 230.000000 0 18.000000 230.000000 0 15.000000 222.000000
00007 10 0 216.000000 26.000000 0 15.000000 229.000000 0 16.000000 243.000000 0 18.000000 250.000000 0 18.000000 255.000000 0 21.000000 244.000000 0 18.000000 247.000000 0 17.000000 224.000000 0 18.000000 224.000000 0 13.000000 224.000000
00008 10 0 218.000000 27.000000 0 39.000000 255.000000 0 16.000000 223.000000 0 24.000000 247.000000 0 225.000000 28.000000 0 17.000000 227.000000 0 17.000000 226.000000 0 17.000000 231.000000 0 2.000000 216.000000 0 7.000000 221.000000
00009 10 0 16.000000 232.000000 0 219.000000 27.000000 0 221.000000 31.000000 0 23.000000 248.000000 0 56.000000 216.000000 0 10.000000 226.000000 0 224.000000 33.000000 0 23.000000 255.000000 0 19.000000 248.000000 0 13.000000 228.000000
00010 10 0 224.000000 26.000000 0 217.000000 26.000000 0 18.000000 234.000000 0 19.000000 247.000000 0 18.000000 239.000000 0 225.000000 29.000000 0 19.000000 243.000000 0 226.000000 29.000000 0 221.000000 27.000000 0 41.000000 255.000000
00011 10 0 216.000000 26.000000 0 37.000000 253.000000 0 220.000000 28.000000 0 21.000000 244.000000 0 223.000000 26.000000 0 12.000000 224.000000 0 13.000000 224.000000 0 15.000000 235.000000 0 15.000000 227.000000 0 15.000000 221.000000
00012 10 0 218.000000 27.000000 0 18.000000 226.000000 0 23.000000 252.000000 0 39.000000 255.000000 0 15.000000 225.000000 0 224.000000 27.000000 0 19.000000 240.000000 0 23.000000 249.000000 0 18.000000 231.000000 0 20.000000 246.000000
00013 10 0 18.000000 231.000000 0 16.000000 234.000000 0 219.000000 28.000000 0 56.000000 216.000000 0 18.000000 247.000000 0 221.000000 31.000000 0 15.000000 239.000000 0 224.000000 32.000000 0 218.000000 31.000000 0 15.000000 223.000000
00014 10 0 18.000000 231.000000 0 218.000000 28.000000 0 224.000000 31.000000 0 38.000000 255.000000 0 221.000000 31.000000 0 23.000000 231.000000 0 19.000000 240.000000 0 18.000000 240.000000 0 10.000000 225.000000 0 22.000000 245.000000
00015 10 0 216.000000 29.000000 0 216.000000 26.000000 0 16.000000 229.000000 0 14.000000 234.000000 0 13.000000 225.000000 0 220.000000 28.000000 0 220.000000 27.000000 0 7.000000 224.000000 0 15.000000 240.000000 0 19.000000 226.000000
00016 10 0 216.000000 28.000000 0 21.000000 255.000000 0 39.000000 255.000000 0 8.000000 223.000000 0 16.000000 234.000000 0 17.000000 226.000000 0 11.000000 223.000000 0 23.000000 252.000000 0 218.000000 24.000000 0 21.000000 245.000000
00017 10 0 24.000000 255.000000 0 217.000000 26.000000 0 218.000000 27.000000 0 218.000000 28.000000 0 40.000000 255.000000 0 20.000000 247.000000 0 16.000000 229.000000 0 222.000000 29.000000 0 39.000000 251.000000 0 15.000000 219.000000
00018 10 0 219.000000 31.000000 0 15.000000 224.000000 0 17.000000 233.000000 0 220.000000 27.000000 0 225.000000 30.000000 0 19.000000 248.000000 0 18.000000 228.000000 0 17.000000 237.000000 0 56.000000 216.000000 0 23.000000 248.000000
00019 10 0 216.000000 26.000000 0 15.000000 228.000000 0 16.000000 248.000000 0 15.000000 224.000000 0 218.000000 30.000000 0 53.000000 215.000000 0 223.000000 31.000000 0 0.000000 226.000000 0 13.000000 245.000000 0 37.000000 255.000000
00020 10 0 215.000000 29.000000 0 214.000000 29.000000 0 15.000000 233.000000 0 16.000000 247.000000 0 14.000000 239.000000 0 15.000000 242.000000 0 12.000000 224.000000 0 19.000000 249.000000 0 16.000000 220.000000 0 8.000000 223.000000
00021 10 0 21.000000 244.000000 0 56.000000 211.000000 0 0.000000 215.000000 0 218.000000 25.000000 0 16.000000 229.000000 0 16.000000 230.000000 0 224.000000 26.000000 0 15.000000 176.000000 0 17.000000 243.000000 0 55.000000 214.000000
00022 10 0 16.000000 247.000000 0 15.000000 223.000000 0 215.000000 27.000000 0 15.000000 228.000000 0 15.000000 229.000000 0 216.000000 32.000000 0 53.000000 214.000000 0 15.000000 242.000000 0 16.000000 239.000000 0 10.000000 223.000000
00023 10 0 16.000000 234.000000 0 39.000000 255.000000 0 219.000000 28.000000 0 19.000000 248.000000 0 221.000000 32.000000 0 218.000000 32.000000 0 56.000000 216.000000 0 15.000000 228.000000 0 23.000000 253.000000 0 18.000000 229.000000
00024 10 0 218.000000 28.000000 0 219.000000 31.000000 0 19.000000 231.000000 0 56.000000 218.000000 0 0.000000 218.000000 0 21.000000 248.000000 0 18.000000 248.000000 0 7.000000 223.000000 0 24.000000 255.000000 0 18.000000 224.000000
00025 10 0 24.000000 255.000000 0 218.000000 25.000000 0 39.000000 252.000000 0 39.000000 253.000000 0 15.000000 224.000000 0 20.000000 243.000000 0 24.000000 248.000000 0 17.000000 229.000000 0 17.000000 230.000000 0 19.000000 243.000000
00026 10 0 217.000000 26.000000 0 217.000000 27.000000 0 220.000000 25.000000 0 16.000000 244.000000 0 21.000000 245.000000 0 16.000000 229.000000 0 220.000000 29.000000 0 39.000000 253.000000 0 16.000000 224.000000 0 38.000000 253.000000
00027 10 0 217.000000 27.000000 0 214.000000 28.000000 0 13.000000 227.000000 0 16.000000 245.000000 0 13.000000 232.000000 0 16.000000 240.000000 0 16.000000 229.000000 0 7.000000 225.000000 0 53.000000 213.000000 0 10.000000 224.000000
00028 10 0 218.000000 31.000000 0 24.000000 247.000000 0 18.000000 230.000000 0 24.000000 252.000000 0 1.000000 221.000000 0 16.000000 223.000000 0 226.000000 32.000000 0 12.000000 224.000000 0 21.000000 251.000000 0 1.000000 218.000000
00029 10 0 16.000000 232.000000 0 215.000000 32.000000 0 21.000000 249.000000 0 216.000000 28.000000 0 219.000000 31.000000 0 16.000000 254.000000 0 223.000000 32.000000 0 14.000000 239.000000 0 15.000000 239.000000 0 21.000000 253.000000
00030 10 0 15.000000 225.000000 0 18.000000 227.000000 0 14.000000 222.000000 0 219.000000 25.000000 0 16.000000 231.000000 0 18.000000 247.000000 0 216.000000 29.000000 0 16.000000 243.000000 0 10.000000 223.000000 0 37.000000 252.000000
00031 10 0 218.000000 29.000000 0 23.000000 243.000000 0 40.000000 252.000000 0 15.000000 223.000000 0 40.000000 253.000000 0 219.000000 24.000000 0 19.000000 229.000000 0 20.000000 229.000000 0 15.000000 229.000000 0 16.000000 213.000000
00032 10 0 215.000000 32.000000 0 53.000000 215.000000 0 15.000000 231.000000 0 216.000000 28.000000 0 219.000000 31.000000 0 216.000000 27.000000 0 16.000000 246.000000 0 12.000000 224.000000 0 16.000000 240.000000 0 15.000000 228.000000
00033 10 0 216.000000 26.000000 0 215.000000 28.000000 0 15.000000 239.000000 0 35.000000 255.000000 0 218.000000 31.000000 0 13.000000 232.000000 0 16.000000 228.000000 0 222.000000 29.000000 0 15.000000 245.000000 0 23.000000 255.000000
00034 10 0 220.000000 27.000000 0 219.000000 31.000000 0 8.000000 228.000000 0 16.000000 235.000000 0 15.000000 225.000000 0 39.000000 255.000000 0 39.000000 254.000000 0 21.000000 246.000000 0 57.000000 216.000000 0 16.000000 232.000000
00035 10 0 23.000000 252.000000 0 220.000000 27.000000 0 218.000000 32.000000 0 221.000000 31.000000 0 41.000000 255.000000 0 219.000000 31.000000 0 20.000000 248.000000 0 17.000000 228.000000 0 227.000000 31.000000 0 23.000000 249.000000
00036 10 0 218.000000 28.000000 0 16.000000 246.000000 0 215.000000 32.000000 0 218.000000 32.000000 0 15.000000 239.000000 0 17.000000 233.000000 0 13.000000 226.000000 0 20.000000 252.000000 0 18.000000 233.000000 0 12.000000 234.000000
00037 10 0 218.000000 25.000000 0 18.000000 248.000000 0 35.000000 253.000000 0 21.000000 244.000000 0 219.000000 29.000000 0 218.000000 29.000000 0 15.000000 242.000000 0 13.000000 230.000000 0 13.000000 223.000000 0 14.000000 223.000000
00038 10 0 39.000000 253.000000 0 218.000000 26.000000 0 217.000000 26.000000 0 218.000000 29.000000 0 0.000000 216.000000 0 55.000000 213.000000 0 19.000000 247.000000 0 15.000000 231.000000 0 221.000000 26.000000 0 15.000000 222.000000
00039 10 0 216.000000 28.000000 0 220.000000 29.000000 0 16.000000 247.000000 0 13.000000 232.000000 0 14.000000 232.000000 0 217.000000 25.000000 0 21.000000 247.000000 0 35.000000 255.000000 0 36.000000 255.000000 0 12.000000 221.000000
00040 10 0 216.000000 30.000000 0 218.000000 27.000000 0 221.000000 31.000000 0 13.000000 231.000000 0 16.000000 248.000000 0 20.000000 248.000000 0 16.000000 247.000000 0 11.000000 226.000000 0 18.000000 252.000000 0 16.000000 242.000000
00041 10 0 215.000000 26.000000 0 19.000000 247.000000 0 16.000000 231.000000 0 37.000000 254.000000 0 15.000000 228.000000 0 14.000000 228.000000 0 15.000000 247.000000 0 53.000000 216.000000 0 14.000000 235.000000 0 7.000000 223.000000
00042 10 0 216.000000 29.000000 0 15.000000 231.000000 0 17.000000 234.000000 0 15.000000 222.000000 0 18.000000 248.000000 0 15.000000 239.000000 0 223.000000 32.000000 0 0.000000 220.000000 0 55.000000 216.000000 0 39.000000 255.000000
00043 10 0 214.000000 31.000000 0 218.000000 32.000000 0 14.000000 240.000000 0 19.000000 248.000000 0 221.000000 32.000000 0 223.000000 31.000000 0 0.000000 223.000000 0 15.000000 231.000000 0 21.000000 254.000000 0 21.000000 253.000000
00044 10 0 214.000000 28.000000 0 217.000000 25.000000 0 217.000000 31.000000 0 18.000000 248.000000 0 16.000000 231.000000 0 19.000000 245.000000 0 15.000000 251.000000 0 20.000000 245.000000 0 36.000000 253.000000 0 221.000000 27.000000
00045 10 0 219.000000 26.000000 0 219.000000 27.000000 0 18.000000 230.000000 0 16.000000 234.000000 0 221.000000 31.000000 0 39.000000 253.000000 0 39.000000 254.000000 0 15.000000 223.000000 0 19.000000 247.000000 0 12.000000 224.000000
00046 10 0 218.000000 29.000000 0 24.000000 255.000000 0 16.000000 232.000000 0 221.000000 26.000000 0 19.000000 230.000000 0 20.000000 246.000000 0 20.000000 247.000000 0 18.000000 240.000000 0 2.000000 216.000000 0 15.000000 228.000000
00047 10 0 217.000000 29.000000 0 215.000000 29.000000 0 217.000000 25.000000 0 217.000000 26.000000 0 15.000000 229.000000 0 15.000000 246.000000 0 16.000000 243.000000 0 20.000000 254.000000 0 35.000000 255.000000 0 5.000000 225.000000
00048 10 0 214.000000 30.000000 0 215.000000 30.000000 0 215.000000 26.000000 0 16.000000 231.000000 0 15.000000 228.000000 0 13.000000 236.000000 0 16.000000 245.000000 0 15.000000 239.000000 0 37.000000 253.000000 0 16.000000 249.000000
00049 10 0 219.000000 27.000000 0 218.000000 28.000000 0 219.000000 28.000000 0 16.000000 232.000000 0 24.000000 247.000000 0 5.000000 225.000000 0 20.000000 248.000000 0 221.000000 32.000000 0 15.000000 224.000000 0 0.000000 218.000000
00050 10 0 215.000000 29.000000 0 215.000000 30.000000 0 16.000000 232.000000 0 221.000000 31.000000 0 20.000000 247.000000 0 53.000000 215.000000 0 16.000000 227.000000 0 36.000000 253.000000 0 16.000000 245.000000 0 15.000000 242.000000
