00001 10 0 36.000000 137.000000 0 136.000000 5.000000 0 104.000000 144.000000 0 15.000000 147.000000 0 132.000000 255.000000 0 8.000000 119.000000 0 8.000000 152.000000 0 128.000000 8.000000 0 136.000000 8.000000 0 8.000000 115.000000
00002 10 0 37.000000 138.000000 0 37.000000 137.000000 0 36.000000 131.000000 0 104.000000 144.000000 0 132.000000 255.000000 0 16.000000 148.000000 0 16.000000 147.000000 0 2.000000 168.000000 0 135.000000 4.000000 0 0.000000 159.000000
00003 10 0 37.000000 137.000000 0 135.000000 0.000000 0 12.000000 106.000000 0 104.000000 144.000000 0 7.000000 115.000000 0 15.000000 108.000000 0 72.000000 148.000000 0 79.000000 120.000000 0 138.000000 4.000000 0 138.000000 8.000000
00004 10 0 38.000000 138.000000 0 35.000000 137.000000 0 31.000000 135.000000 0 37.000000 132.000000 0 36.000000 131.000000 0 132.000000 255.000000 0 15.000000 146.000000 0 135.000000 5.000000 0 223.000000 84.000000 0 128.000000 255.000000
00005 10 0 36.000000 138.000000 0 31.000000 135.000000 0 36.000000 131.000000 0 0.000000 160.000000 0 15.000000 148.000000 0 223.000000 83.000000 0 141.000000 10.000000 0 16.000000 109.000000 0 104.000000 144.000000 0 136.000000 4.000000
00006 10 0 37.000000 137.000000 0 36.000000 131.000000 0 7.000000 153.000000 0 58.000000 112.000000 0 104.000000 144.000000 0 2.000000 168.000000 0 0.000000 159.000000 0 138.000000 6.000000 0 223.000000 84.000000 0 14.000000 148.000000
00007 10 0 37.000000 137.000000 0 36.000000 131.000000 0 15.000000 148.000000 0 56.000000 112.000000 0 135.000000 3.000000 0 135.000000 4.000000 0 79.000000 144.000000 0 2.000000 168.000000 0 5.000000 112.000000 0 7.000000 115.000000
00008 10 0 37.000000 138.000000 0 36.000000 138.000000 0 37.000000 137.000000 0 136.000000 4.000000 0 48.000000 114.000000 0 7.000000 112.000000 0 223.000000 85.000000 0 135.000000 0.000000 0 15.000000 148.000000 0 15.000000 149.000000
00009 10 0 37.000000 137.000000 0 37.000000 138.000000 0 33.000000 136.000000 0 0.000000 159.000000 0 36.000000 131.000000 0 36.000000 130.000000 0 15.000000 147.000000 0 15.000000 146.000000 0 7.000000 111.000000 0 135.000000 5.000000
00010 10 0 37.000000 137.000000 0 31.000000 136.000000 0 36.000000 131.000000 0 0.000000 159.000000 0 13.000000 150.000000 0 136.000000 4.000000 0 143.000000 10.000000 0 133.000000 254.000000 0 104.000000 144.000000 0 18.000000 143.000000
00011 10 0 37.000000 137.000000 0 31.000000 136.000000 0 133.000000 0.000000 0 139.000000 7.000000 0 0.000000 160.000000 0 8.000000 115.000000 0 136.000000 2.000000 0 135.000000 7.000000 0 136.000000 3.000000 0 0.000000 154.000000
00012 10 0 37.000000 137.000000 0 15.000000 148.000000 0 0.000000 160.000000 0 36.000000 130.000000 0 135.000000 3.000000 0 135.000000 4.000000 0 5.000000 144.000000 0 8.000000 87.000000 0 221.000000 113.000000 0 13.000000 255.000000
00013 10 0 37.000000 138.000000 0 36.000000 130.000000 0 136.000000 8.000000 0 0.000000 160.000000 0 0.000000 156.000000 0 0.000000 157.000000 0 7.000000 113.000000 0 133.000000 255.000000 0 141.000000 9.000000 0 141.000000 8.000000
00014 10 0 37.000000 138.000000 0 34.000000 137.000000 0 223.000000 83.000000 0 136.000000 5.000000 0 136.000000 4.000000 0 16.000000 151.000000 0 104.000000 144.000000 0 133.000000 0.000000 0 15.000000 145.000000 0 15.000000 146.000000
00015 10 0 37.000000 137.000000 0 104.000000 144.000000 0 37.000000 131.000000 0 36.000000 131.000000 0 0.000000 160.000000 0 141.000000 10.000000 0 0.000000 168.000000 0 15.000000 148.000000 0 15.000000 149.000000 0 5.000000 112.000000
00016 10 0 37.000000 137.000000 0 31.000000 135.000000 0 36.000000 131.000000 0 0.000000 160.000000 0 15.000000 147.000000 0 223.000000 84.000000 0 104.000000 144.000000 0 5.000000 114.000000 0 136.000000 0.000000 0 136.000000 5.000000
00017 10 0 37.000000 137.000000 0 223.000000 83.000000 0 130.000000 255.000000 0 135.000000 5.000000 0 135.000000 0.000000 0 104.000000 144.000000 0 0.000000 160.000000 0 141.000000 9.000000 0 7.000000 87.000000 0 221.000000 109.000000
00018 10 0 37.000000 137.000000 0 137.000000 5.000000 0 15.000000 150.000000 0 15.000000 146.000000 0 8.000000 154.000000 0 3.000000 171.000000 0 0.000000 160.000000 0 6.000000 86.000000 0 7.000000 112.000000 0 132.000000 255.000000
00019 10 0 37.000000 137.000000 0 37.000000 138.000000 0 38.000000 138.000000 0 36.000000 131.000000 0 136.000000 0.000000 0 8.000000 87.000000 0 0.000000 158.000000 0 135.000000 5.000000 0 12.000000 151.000000 0 5.000000 154.000000
00020 10 0 37.000000 137.000000 0 37.000000 138.000000 0 135.000000 0.000000 0 2.000000 168.000000 0 13.000000 150.000000 0 16.000000 109.000000 0 47.000000 114.000000 0 223.000000 85.000000 0 223.000000 83.000000 0 80.000000 145.000000
00021 10 0 37.000000 137.000000 0 37.000000 138.000000 0 34.000000 136.000000 0 37.000000 132.000000 0 130.000000 255.000000 0 141.000000 11.000000 0 136.000000 7.000000 0 133.000000 255.000000 0 7.000000 151.000000 0 16.000000 146.000000
00022 10 0 37.000000 138.000000 0 0.000000 160.000000 0 36.000000 129.000000 0 142.000000 10.000000 0 223.000000 83.000000 0 135.000000 3.000000 0 136.000000 7.000000 0 0.000000 157.000000 0 1.000000 157.000000 0 2.000000 157.000000
00023 10 0 37.000000 137.000000 0 32.000000 136.000000 0 37.000000 131.000000 0 36.000000 131.000000 0 104.000000 144.000000 0 0.000000 160.000000 0 79.000000 144.000000 0 136.000000 4.000000 0 15.000000 107.000000 0 138.000000 7.000000
00024 10 0 37.000000 137.000000 0 104.000000 144.000000 0 56.000000 112.000000 0 2.000000 169.000000 0 2.000000 170.000000 0 15.000000 148.000000 0 8.000000 87.000000 0 15.000000 147.000000 0 71.000000 149.000000 0 136.000000 7.000000
00025 10 0 35.000000 136.000000 0 36.000000 130.000000 0 0.000000 159.000000 0 15.000000 147.000000 0 7.000000 87.000000 0 223.000000 84.000000 0 2.000000 169.000000 0 132.000000 255.000000 0 7.000000 120.000000 0 7.000000 115.000000
00026 10 0 37.000000 137.000000 0 37.000000 138.000000 0 136.000000 1.000000 0 135.000000 5.000000 0 104.000000 144.000000 0 3.000000 154.000000 0 138.000000 4.000000 0 138.000000 7.000000 0 15.000000 147.000000 0 0.000000 160.000000
00027 10 0 37.000000 138.000000 0 31.000000 136.000000 0 31.000000 135.000000 0 36.000000 131.000000 0 57.000000 112.000000 0 143.000000 8.000000 0 136.000000 5.000000 0 14.000000 147.000000 0 2.000000 156.000000 0 3.000000 156.000000
00028 10 0 37.000000 137.000000 0 36.000000 131.000000 0 7.000000 120.000000 0 47.000000 115.000000 0 56.000000 111.000000 0 16.000000 147.000000 0 0.000000 160.000000 0 131.000000 255.000000 0 0.000000 159.000000 0 104.000000 144.000000
00029 10 0 37.000000 138.000000 0 36.000000 131.000000 0 223.000000 84.000000 0 15.000000 108.000000 0 132.000000 255.000000 0 136.000000 8.000000 0 136.000000 2.000000 0 0.000000 160.000000 0 15.000000 149.000000 0 104.000000 144.000000
00030 10 0 36.000000 137.000000 0 32.000000 136.000000 0 15.000000 147.000000 0 138.000000 7.000000 0 36.000000 131.000000 0 8.000000 150.000000 0 136.000000 235.000000 0 136.000000 2.000000 0 221.000000 112.000000 0 223.000000 84.000000
00031 10 0 37.000000 138.000000 0 37.000000 137.000000 0 33.000000 136.000000 0 29.000000 134.000000 0 36.000000 131.000000 0 0.000000 160.000000 0 16.000000 148.000000 0 135.000000 0.000000 0 135.000000 1.000000 0 135.000000 2.000000
00032 10 0 37.000000 138.000000 0 38.000000 138.000000 0 37.000000 137.000000 0 135.000000 4.000000 0 56.000000 112.000000 0 8.000000 87.000000 0 5.000000 112.000000 0 4.000000 141.000000 0 12.000000 150.000000 0 15.000000 108.000000
00033 10 0 37.000000 137.000000 0 136.000000 2.000000 0 137.000000 5.000000 0 16.000000 148.000000 0 0.000000 160.000000 0 132.000000 255.000000 0 104.000000 144.000000 0 16.000000 144.000000 0 138.000000 8.000000 0 133.000000 0.000000
00034 10 0 37.000000 138.000000 0 132.000000 255.000000 0 136.000000 5.000000 0 5.000000 111.000000 0 15.000000 149.000000 0 5.000000 114.000000 0 0.000000 160.000000 0 0.000000 159.000000 0 7.000000 154.000000 0 0.000000 158.000000
00035 10 0 38.000000 138.000000 0 38.000000 137.000000 0 35.000000 136.000000 0 136.000000 7.000000 0 104.000000 144.000000 0 15.000000 147.000000 0 131.000000 255.000000 0 0.000000 158.000000 0 0.000000 157.000000 0 136.000000 3.000000
00036 10 0 37.000000 138.000000 0 31.000000 136.000000 0 15.000000 147.000000 0 0.000000 160.000000 0 223.000000 83.000000 0 2.000000 171.000000 0 8.000000 87.000000 0 8.000000 151.000000 0 136.000000 6.000000 0 136.000000 7.000000
00037 10 0 37.000000 135.000000 0 58.000000 111.000000 0 15.000000 147.000000 0 18.000000 143.000000 0 13.000000 108.000000 0 7.000000 87.000000 0 223.000000 84.000000 0 135.000000 0.000000 0 136.000000 2.000000 0 135.000000 4.000000
00038 10 0 37.000000 138.000000 0 223.000000 83.000000 0 15.000000 149.000000 0 137.000000 3.000000 0 23.000000 95.000000 0 15.000000 107.000000 0 14.000000 107.000000 0 140.000000 8.000000 0 137.000000 7.000000 0 56.000000 111.000000
00039 10 0 37.000000 138.000000 0 38.000000 138.000000 0 34.000000 136.000000 0 37.000000 131.000000 0 36.000000 131.000000 0 16.000000 144.000000 0 0.000000 160.000000 0 131.000000 255.000000 0 223.000000 84.000000 0 137.000000 5.000000
00040 10 0 37.000000 136.000000 0 33.000000 136.000000 0 32.000000 136.000000 0 0.000000 160.000000 0 15.000000 146.000000 0 13.000000 150.000000 0 7.000000 112.000000 0 130.000000 255.000000 0 136.000000 7.000000 0 7.000000 87.000000
00041 10 0 37.000000 138.000000 0 33.000000 136.000000 0 36.000000 130.000000 0 136.000000 2.000000 0 15.000000 146.000000 0 0.000000 159.000000 0 95.000000 39.000000 0 131.000000 255.000000 0 136.000000 7.000000 0 104.000000 144.000000
00042 10 0 37.000000 137.000000 0 143.000000 10.000000 0 133.000000 0.000000 0 135.000000 7.000000 0 15.000000 148.000000 0 12.000000 117.000000 0 0.000000 158.000000 0 223.000000 83.000000 0 13.000000 117.000000 0 0.000000 157.000000
00043 10 0 37.000000 138.000000 0 37.000000 137.000000 0 104.000000 144.000000 0 136.000000 3.000000 0 135.000000 0.000000 0 136.000000 4.000000 0 141.000000 10.000000 0 15.000000 146.000000 0 6.000000 115.000000 0 8.000000 85.000000
00044 10 0 37.000000 138.000000 0 33.000000 136.000000 0 15.000000 148.000000 0 36.000000 130.000000 0 134.000000 2.000000 0 0.000000 159.000000 0 106.000000 142.000000 0 223.000000 84.000000 0 2.000000 170.000000 0 142.000000 9.000000
00045 4 0 37.000000 137.000000 0 0.000000 160.000000 0 137.000000 4.000000 0 36.000000 130.000000
00046 10 0 37.000000 137.000000 0 37.000000 138.000000 0 34.000000 137.000000 0 136.000000 4.000000 0 0.000000 159.000000 0 15.000000 149.000000 0 15.000000 145.000000 0 104.000000 144.000000 0 223.000000 84.000000 0 132.000000 255.000000
00047 10 0 37.000000 137.000000 0 36.000000 131.000000 0 16.000000 147.000000 0 7.000000 111.000000 0 223.000000 84.000000 0 135.000000 0.000000 0 138.000000 5.000000 0 137.000000 5.000000 0 137.000000 4.000000 0 138.000000 4.000000
00048 10 0 37.000000 137.000000 0 0.000000 159.000000 0 15.000000 148.000000 0 36.000000 131.000000 0 36.000000 130.000000 0 7.000000 112.000000 0 3.000000 171.000000 0 2.000000 171.000000 0 223.000000 84.000000 0 135.000000 3.000000
00049 10 0 35.000000 137.000000 0 36.000000 137.000000 0 36.000000 136.000000 0 31.000000 136.000000 0 137.000000 5.000000 0 131.000000 255.000000 0 138.000000 8.000000 0 0.000000 159.000000 0 13.000000 151.000000 0 223.000000 84.000000
00050 10 0 37.000000 138.000000 0 15.000000 148.000000 0 104.000000 144.000000 0 0.000000 160.000000 0 223.000000 84.000000 0 136.000000 7.000000 0 134.000000 0.000000 0 136.000000 6.000000 0 135.000000 5.000000 0 2.000000 170.000000
