00001 10 0 95.000000 249.000000 0 88.000000 149.000000 0 13.000000 177.000000 0 42.000000 201.000000 0 103.000000 150.000000 0 72.000000 31.000000 0 11.000000 48.000000 0 101.000000 103.000000 0 8.000000 192.000000 0 82.000000 148.000000
00002 10 0 88.000000 150.000000 0 95.000000 250.000000 0 42.000000 202.000000 0 13.000000 177.000000 0 13.000000 178.000000 0 101.000000 104.000000 0 72.000000 33.000000 0 103.000000 152.000000 0 8.000000 194.000000 0 82.000000 150.000000
00003 10 0 88.000000 150.000000 0 96.000000 249.000000 0 96.000000 250.000000 0 13.000000 178.000000 0 14.000000 177.000000 0 14.000000 178.000000 0 103.000000 150.000000 0 42.000000 201.000000 0 73.000000 32.000000 0 73.000000 33.000000
00004 10 0 96.000000 250.000000 0 96.000000 249.000000 0 88.000000 149.000000 0 14.000000 176.000000 0 103.000000 150.000000 0 18.000000 175.000000 0 43.000000 201.000000 0 73.000000 33.000000 0 122.000000 207.000000 0 83.000000 149.000000
00005 10 0 88.000000 148.000000 0 95.000000 248.000000 0 13.000000 175.000000 0 72.000000 31.000000 0 42.000000 200.000000 0 103.000000 149.000000 0 8.000000 191.000000 0 101.000000 102.000000 0 17.000000 175.000000 0 82.000000 147.000000
00006 10 0 87.000000 149.000000 0 94.000000 249.000000 0 12.000000 176.000000 0 71.000000 31.000000 0 71.000000 32.000000 0 101.000000 149.000000 0 81.000000 148.000000 0 10.000000 48.000000 0 16.000000 175.000000 0 41.000000 200.000000
00007 10 0 96.000000 250.000000 0 88.000000 150.000000 0 103.000000 150.000000 0 14.000000 178.000000 0 14.000000 177.000000 0 18.000000 175.000000 0 73.000000 33.000000 0 83.000000 149.000000 0 43.000000 201.000000 0 42.000000 201.000000
00008 10 0 87.000000 149.000000 0 94.000000 249.000000 0 12.000000 176.000000 0 71.000000 33.000000 0 101.000000 150.000000 0 41.000000 201.000000 0 81.000000 148.000000 0 5.000000 224.000000 0 16.000000 177.000000 0 16.000000 176.000000
00009 10 0 95.000000 250.000000 0 88.000000 150.000000 0 13.000000 178.000000 0 42.000000 202.000000 0 103.000000 151.000000 0 100.000000 141.000000 0 72.000000 33.000000 0 8.000000 193.000000 0 101.000000 104.000000 0 82.000000 150.000000
00010 10 0 87.000000 150.000000 0 95.000000 250.000000 0 12.000000 178.000000 0 71.000000 32.000000 0 81.000000 150.000000 0 81.000000 149.000000 0 41.000000 201.000000 0 100.000000 104.000000 0 16.000000 177.000000 0 101.000000 150.000000
00011 10 0 95.000000 250.000000 0 88.000000 150.000000 0 13.000000 177.000000 0 42.000000 202.000000 0 103.000000 152.000000 0 101.000000 104.000000 0 72.000000 33.000000 0 72.000000 34.000000 0 11.000000 50.000000 0 17.000000 176.000000
00012 10 0 87.000000 149.000000 0 94.000000 249.000000 0 12.000000 176.000000 0 71.000000 31.000000 0 101.000000 149.000000 0 81.000000 148.000000 0 16.000000 175.000000 0 41.000000 200.000000 0 120.000000 206.000000 0 10.000000 48.000000
00013 10 0 95.000000 249.000000 0 87.000000 150.000000 0 12.000000 178.000000 0 72.000000 33.000000 0 42.000000 202.000000 0 101.000000 104.000000 0 102.000000 150.000000 0 10.000000 50.000000 0 81.000000 150.000000 0 81.000000 149.000000
00014 10 0 87.000000 149.000000 0 94.000000 248.000000 0 12.000000 176.000000 0 71.000000 32.000000 0 16.000000 175.000000 0 101.000000 150.000000 0 81.000000 148.000000 0 41.000000 201.000000 0 40.000000 200.000000 0 100.000000 103.000000
00015 10 0 96.000000 248.000000 0 96.000000 249.000000 0 88.000000 149.000000 0 14.000000 177.000000 0 103.000000 149.000000 0 73.000000 32.000000 0 43.000000 200.000000 0 18.000000 175.000000 0 82.000000 147.000000 0 83.000000 148.000000
00016 10 0 87.000000 149.000000 0 12.000000 176.000000 0 94.000000 249.000000 0 71.000000 31.000000 0 71.000000 32.000000 0 101.000000 149.000000 0 41.000000 200.000000 0 16.000000 175.000000 0 81.000000 148.000000 0 10.000000 48.000000
00017 10 0 87.000000 150.000000 0 94.000000 249.000000 0 12.000000 177.000000 0 12.000000 176.000000 0 71.000000 33.000000 0 80.000000 149.000000 0 101.000000 150.000000 0 41.000000 201.000000 0 16.000000 175.000000 0 11.000000 181.000000
00018 10 0 88.000000 148.000000 0 95.000000 247.000000 0 13.000000 175.000000 0 72.000000 32.000000 0 17.000000 175.000000 0 42.000000 199.000000 0 103.000000 149.000000 0 82.000000 148.000000 0 101.000000 102.000000 0 101.000000 103.000000
00019 10 0 87.000000 150.000000 0 95.000000 250.000000 0 13.000000 176.000000 0 12.000000 177.000000 0 12.000000 176.000000 0 16.000000 176.000000 0 16.000000 175.000000 0 81.000000 149.000000 0 71.000000 34.000000 0 120.000000 207.000000
00020 10 0 96.000000 248.000000 0 88.000000 148.000000 0 103.000000 149.000000 0 13.000000 176.000000 0 13.000000 177.000000 0 42.000000 200.000000 0 83.000000 148.000000 0 17.000000 175.000000 0 8.000000 192.000000 0 72.000000 31.000000
00021 10 0 88.000000 150.000000 0 95.000000 250.000000 0 13.000000 177.000000 0 103.000000 150.000000 0 72.000000 33.000000 0 101.000000 104.000000 0 42.000000 202.000000 0 170.000000 2.000000 0 18.000000 175.000000 0 83.000000 149.000000
00022 10 0 87.000000 150.000000 0 95.000000 250.000000 0 13.000000 177.000000 0 13.000000 178.000000 0 42.000000 202.000000 0 72.000000 32.000000 0 72.000000 33.000000 0 81.000000 149.000000 0 102.000000 150.000000 0 100.000000 103.000000
00023 10 0 87.000000 148.000000 0 95.000000 247.000000 0 13.000000 175.000000 0 72.000000 31.000000 0 102.000000 149.000000 0 42.000000 200.000000 0 8.000000 191.000000 0 82.000000 148.000000 0 81.000000 148.000000 0 10.000000 48.000000
00024 10 0 87.000000 149.000000 0 95.000000 248.000000 0 12.000000 175.000000 0 71.000000 32.000000 0 41.000000 200.000000 0 102.000000 149.000000 0 101.000000 208.000000 0 100.000000 102.000000 0 7.000000 192.000000 0 11.000000 181.000000
00025 10 0 88.000000 150.000000 0 95.000000 250.000000 0 13.000000 176.000000 0 103.000000 152.000000 0 72.000000 34.000000 0 82.000000 149.000000 0 42.000000 202.000000 0 82.000000 150.000000 0 13.000000 180.000000 0 17.000000 176.000000
00026 10 0 87.000000 149.000000 0 12.000000 176.000000 0 94.000000 249.000000 0 71.000000 31.000000 0 120.000000 206.000000 0 101.000000 149.000000 0 81.000000 149.000000 0 16.000000 174.000000 0 10.000000 48.000000 0 41.000000 200.000000
00027 10 0 87.000000 149.000000 0 94.000000 249.000000 0 12.000000 176.000000 0 100.000000 103.000000 0 101.000000 150.000000 0 41.000000 201.000000 0 81.000000 149.000000 0 71.000000 32.000000 0 81.000000 148.000000 0 16.000000 174.000000
00028 10 0 95.000000 247.000000 0 88.000000 148.000000 0 72.000000 32.000000 0 13.000000 175.000000 0 42.000000 200.000000 0 103.000000 149.000000 0 12.000000 180.000000 0 82.000000 148.000000 0 11.000000 48.000000 0 14.000000 191.000000
00029 10 0 94.000000 249.000000 0 12.000000 177.000000 0 87.000000 150.000000 0 41.000000 201.000000 0 71.000000 33.000000 0 100.000000 103.000000 0 101.000000 150.000000 0 81.000000 148.000000 0 16.000000 177.000000 0 16.000000 176.000000
00030 10 0 95.000000 247.000000 0 13.000000 175.000000 0 87.000000 148.000000 0 72.000000 31.000000 0 17.000000 175.000000 0 102.000000 149.000000 0 82.000000 148.000000 0 41.000000 199.000000 0 42.000000 200.000000 0 169.000000 0.000000
00031 10 0 95.000000 250.000000 0 87.000000 150.000000 0 13.000000 177.000000 0 72.000000 32.000000 0 102.000000 150.000000 0 41.000000 202.000000 0 168.000000 2.000000 0 81.000000 149.000000 0 17.000000 176.000000 0 100.000000 104.000000
00032 10 0 96.000000 248.000000 0 96.000000 249.000000 0 88.000000 149.000000 0 14.000000 176.000000 0 43.000000 201.000000 0 73.000000 32.000000 0 103.000000 150.000000 0 102.000000 103.000000 0 170.000000 1.000000 0 18.000000 175.000000
00033 10 0 96.000000 249.000000 0 88.000000 150.000000 0 13.000000 178.000000 0 14.000000 177.000000 0 103.000000 150.000000 0 73.000000 33.000000 0 18.000000 175.000000 0 72.000000 33.000000 0 42.000000 201.000000 0 83.000000 149.000000
00034 10 0 95.000000 247.000000 0 13.000000 175.000000 0 87.000000 148.000000 0 72.000000 31.000000 0 42.000000 200.000000 0 82.000000 148.000000 0 102.000000 149.000000 0 101.000000 102.000000 0 5.000000 225.000000 0 169.000000 0.000000
00035 10 0 96.000000 249.000000 0 88.000000 150.000000 0 14.000000 176.000000 0 103.000000 150.000000 0 18.000000 175.000000 0 42.000000 201.000000 0 43.000000 201.000000 0 73.000000 33.000000 0 83.000000 149.000000 0 101.000000 141.000000
00036 10 0 94.000000 250.000000 0 87.000000 150.000000 0 12.000000 177.000000 0 101.000000 150.000000 0 72.000000 32.000000 0 120.000000 207.000000 0 41.000000 201.000000 0 80.000000 148.000000 0 100.000000 104.000000 0 168.000000 2.000000
00037 10 0 87.000000 149.000000 0 94.000000 249.000000 0 12.000000 176.000000 0 71.000000 32.000000 0 10.000000 48.000000 0 101.000000 149.000000 0 80.000000 148.000000 0 81.000000 148.000000 0 7.000000 192.000000 0 41.000000 201.000000
00038 10 0 87.000000 149.000000 0 95.000000 248.000000 0 12.000000 176.000000 0 41.000000 200.000000 0 71.000000 31.000000 0 16.000000 175.000000 0 13.000000 191.000000 0 101.000000 149.000000 0 120.000000 206.000000 0 10.000000 48.000000
00039 10 0 96.000000 250.000000 0 88.000000 149.000000 0 14.000000 176.000000 0 103.000000 150.000000 0 43.000000 201.000000 0 73.000000 33.000000 0 18.000000 175.000000 0 5.000000 188.000000 0 15.000000 192.000000 0 83.000000 149.000000
00040 10 0 87.000000 150.000000 0 95.000000 249.000000 0 95.000000 250.000000 0 12.000000 178.000000 0 102.000000 150.000000 0 16.000000 175.000000 0 41.000000 202.000000 0 81.000000 150.000000 0 10.000000 49.000000 0 72.000000 33.000000
00041 10 0 88.000000 150.000000 0 95.000000 250.000000 0 13.000000 176.000000 0 42.000000 202.000000 0 82.000000 150.000000 0 103.000000 150.000000 0 101.000000 104.000000 0 72.000000 34.000000 0 17.000000 176.000000 0 8.000000 193.000000
00042 10 0 87.000000 149.000000 0 94.000000 249.000000 0 12.000000 176.000000 0 101.000000 150.000000 0 71.000000 33.000000 0 81.000000 149.000000 0 16.000000 176.000000 0 16.000000 175.000000 0 41.000000 201.000000 0 100.000000 103.000000
00043 10 0 87.000000 149.000000 0 94.000000 248.000000 0 12.000000 176.000000 0 101.000000 149.000000 0 16.000000 175.000000 0 10.000000 48.000000 0 71.000000 32.000000 0 100.000000 103.000000 0 120.000000 206.000000 0 41.000000 200.000000
00044 10 0 87.000000 150.000000 0 12.000000 177.000000 0 94.000000 250.000000 0 101.000000 150.000000 0 71.000000 33.000000 0 71.000000 34.000000 0 168.000000 2.000000 0 16.000000 175.000000 0 81.000000 150.000000 0 42.000000 202.000000
00045 10 0 94.000000 249.000000 0 87.000000 149.000000 0 12.000000 176.000000 0 12.000000 177.000000 0 16.000000 176.000000 0 71.000000 32.000000 0 71.000000 33.000000 0 41.000000 201.000000 0 101.000000 150.000000 0 81.000000 149.000000
00046 10 0 88.000000 150.000000 0 95.000000 251.000000 0 13.000000 178.000000 0 13.000000 177.000000 0 42.000000 202.000000 0 72.000000 33.000000 0 101.000000 104.000000 0 103.000000 150.000000 0 122.000000 207.000000 0 17.000000 176.000000
00047 10 0 96.000000 248.000000 0 88.000000 149.000000 0 14.000000 177.000000 0 83.000000 148.000000 0 73.000000 32.000000 0 103.000000 150.000000 0 103.000000 149.000000 0 18.000000 175.000000 0 43.000000 200.000000 0 102.000000 103.000000
00048 10 0 87.000000 149.000000 0 12.000000 175.000000 0 95.000000 248.000000 0 41.000000 200.000000 0 16.000000 175.000000 0 71.000000 31.000000 0 5.000000 223.000000 0 100.000000 102.000000 0 13.000000 191.000000 0 81.000000 148.000000
00049 10 0 88.000000 150.000000 0 95.000000 250.000000 0 13.000000 177.000000 0 42.000000 202.000000 0 72.000000 34.000000 0 103.000000 152.000000 0 17.000000 176.000000 0 101.000000 104.000000 0 82.000000 151.000000 0 8.000000 193.000000
00050 10 0 88.000000 150.000000 0 95.000000 250.000000 0 72.000000 33.000000 0 42.000000 202.000000 0 13.000000 178.000000 0 101.000000 104.000000 0 103.000000 152.000000 0 11.000000 50.000000 0 17.000000 176.000000 0 8.000000 193.000000
