00001 3 0 209.000000 3.000000 0 111.000000 67.000000 0 111.000000 66.000000
00002 3 0 208.000000 4.000000 0 110.000000 67.000000 0 110.000000 66.000000
00003 2 0 210.000000 5.000000 0 111.000000 67.000000
00004 2 0 209.000000 5.000000 0 110.000000 67.000000
00005 3 0 208.000000 5.000000 0 208.000000 4.000000 0 109.000000 67.000000
00006 2 0 208.000000 2.000000 0 110.000000 66.000000
00007 2 0 210.000000 4.000000 0 111.000000 67.000000
00008 3 0 209.000000 5.000000 0 111.000000 66.000000 0 111.000000 69.000000
00009 3 0 208.000000 2.000000 0 111.000000 66.000000 0 110.000000 66.000000
00010 2 0 210.000000 4.000000 0 112.000000 67.000000
00011 3 0 209.000000 2.000000 0 110.000000 66.000000 0 110.000000 65.000000
00012 4 0 208.000000 3.000000 0 208.000000 4.000000 0 109.000000 66.000000 0 109.000000 67.000000
00013 2 0 210.000000 4.000000 0 112.000000 66.000000
00014 2 0 208.000000 3.000000 0 110.000000 66.000000
00015 4 0 208.000000 4.000000 0 208.000000 5.000000 0 109.000000 66.000000 0 109.000000 67.000000
00016 2 0 208.000000 5.000000 0 110.000000 67.000000
00017 3 0 210.000000 4.000000 0 210.000000 3.000000 0 112.000000 66.000000
00018 2 0 210.000000 4.000000 0 112.000000 66.000000
00019 3 0 209.000000 3.000000 0 209.000000 2.000000 0 111.000000 65.000000
00020 4 0 210.000000 2.000000 0 210.000000 3.000000 0 111.000000 66.000000 0 103.000000 55.000000
00021 2 0 210.000000 4.000000 0 111.000000 66.000000
00022 3 0 209.000000 5.000000 0 111.000000 66.000000 0 111.000000 69.000000
00023 2 0 209.000000 2.000000 0 111.000000 65.000000
00024 3 0 210.000000 5.000000 0 210.000000 4.000000 0 111.000000 67.000000
00025 2 0 210.000000 5.000000 0 111.000000 67.000000
00026 3 0 208.000000 5.000000 0 208.000000 4.000000 0 110.000000 67.000000
00027 3 0 210.000000 4.000000 0 111.000000 67.000000 0 111.000000 66.000000
00028 2 0 210.000000 3.000000 0 111.000000 66.000000
00029 3 0 209.000000 2.000000 0 111.000000 64.000000 0 27.000000 74.000000
00030 3 0 209.000000 4.000000 0 209.000000 2.000000 0 111.000000 65.000000
00031 4 0 208.000000 2.000000 0 208.000000 3.000000 0 109.000000 66.000000 0 109.000000 67.000000
00032 4 0 210.000000 3.000000 0 111.000000 66.000000 0 111.000000 65.000000 0 28.000000 74.000000
00033 3 0 210.000000 3.000000 0 210.000000 2.000000 0 112.000000 65.000000
00034 3 0 209.000000 5.000000 0 209.000000 4.000000 0 110.000000 67.000000
00035 5 0 208.000000 4.000000 0 208.000000 5.000000 0 109.000000 67.000000 0 109.000000 66.000000 0 110.000000 66.000000
00036 3 0 209.000000 2.000000 0 111.000000 64.000000 0 27.000000 74.000000
00037 2 0 210.000000 3.000000 0 112.000000 66.000000
00038 2 0 208.000000 4.000000 0 110.000000 67.000000
00039 4 0 209.000000 2.000000 0 111.000000 66.000000 0 110.000000 66.000000 0 111.000000 65.000000
00040 2 0 208.000000 4.000000 0 109.000000 66.000000
00041 2 0 210.000000 3.000000 0 111.000000 66.000000
00042 2 0 210.000000 2.000000 0 111.000000 65.000000
00043 2 0 210.000000 4.000000 0 112.000000 67.000000
00044 3 0 208.000000 4.000000 0 208.000000 3.000000 0 109.000000 67.000000
00045 2 0 208.000000 3.000000 0 109.000000 67.000000
00046 4 0 208.000000 3.000000 0 208.000000 4.000000 0 109.000000 65.000000 0 109.000000 66.000000
00047 4 0 208.000000 4.000000 0 208.000000 5.000000 0 109.000000 67.000000 0 110.000000 67.000000
00048 3 0 208.000000 2.000000 0 111.000000 65.000000 0 110.000000 65.000000
00049 2 0 208.000000 5.000000 0 110.000000 67.000000
00050 3 0 208.000000 4.000000 0 208.000000 3.000000 0 109.000000 66.000000
