00001 10 0 33.000000 128.000000 0 14.000000 165.000000 0 11.000000 17.000000 0 34.000000 77.000000 0 188.000000 186.000000 0 8.000000 36.000000 0 3.000000 243.000000 0 2.000000 167.000000 0 244.000000 24.000000 0 191.000000 161.000000
00002 10 0 32.000000 128.000000 0 13.000000 166.000000 0 32.000000 77.000000 0 11.000000 18.000000 0 187.000000 187.000000 0 3.000000 244.000000 0 6.000000 37.000000 0 45.000000 101.000000 0 191.000000 162.000000 0 56.000000 36.000000
00003 10 0 15.000000 165.000000 0 34.000000 127.000000 0 37.000000 127.000000 0 34.000000 76.000000 0 11.000000 16.000000 0 10.000000 16.000000 0 188.000000 185.000000 0 7.000000 35.000000 0 7.000000 36.000000 0 245.000000 24.000000
00004 10 0 34.000000 127.000000 0 11.000000 16.000000 0 14.000000 165.000000 0 34.000000 76.000000 0 37.000000 127.000000 0 187.000000 184.000000 0 4.000000 242.000000 0 6.000000 36.000000 0 9.000000 35.000000 0 8.000000 35.000000
00005 10 0 14.000000 167.000000 0 34.000000 129.000000 0 34.000000 78.000000 0 11.000000 18.000000 0 188.000000 187.000000 0 4.000000 244.000000 0 8.000000 37.000000 0 7.000000 37.000000 0 244.000000 26.000000 0 190.000000 162.000000
00006 10 0 33.000000 129.000000 0 14.000000 167.000000 0 37.000000 128.000000 0 36.000000 128.000000 0 11.000000 18.000000 0 34.000000 78.000000 0 188.000000 187.000000 0 6.000000 37.000000 0 8.000000 37.000000 0 4.000000 244.000000
00007 10 0 32.000000 128.000000 0 34.000000 78.000000 0 11.000000 18.000000 0 14.000000 167.000000 0 14.000000 166.000000 0 188.000000 187.000000 0 6.000000 37.000000 0 3.000000 244.000000 0 244.000000 26.000000 0 191.000000 162.000000
00008 10 0 32.000000 128.000000 0 13.000000 166.000000 0 32.000000 77.000000 0 10.000000 17.000000 0 186.000000 186.000000 0 5.000000 37.000000 0 3.000000 244.000000 0 56.000000 35.000000 0 56.000000 36.000000 0 189.000000 162.000000
00009 10 0 34.000000 129.000000 0 15.000000 166.000000 0 37.000000 128.000000 0 34.000000 77.000000 0 10.000000 17.000000 0 188.000000 186.000000 0 7.000000 37.000000 0 8.000000 36.000000 0 4.000000 244.000000 0 191.000000 162.000000
00010 10 0 34.000000 127.000000 0 15.000000 165.000000 0 37.000000 127.000000 0 37.000000 128.000000 0 35.000000 77.000000 0 10.000000 16.000000 0 4.000000 243.000000 0 188.000000 186.000000 0 7.000000 36.000000 0 245.000000 24.000000
00011 10 0 15.000000 165.000000 0 34.000000 127.000000 0 37.000000 127.000000 0 34.000000 76.000000 0 10.000000 16.000000 0 13.000000 16.000000 0 7.000000 35.000000 0 245.000000 24.000000 0 188.000000 185.000000 0 4.000000 242.000000
00012 10 0 14.000000 167.000000 0 33.000000 129.000000 0 36.000000 128.000000 0 11.000000 18.000000 0 34.000000 78.000000 0 188.000000 187.000000 0 7.000000 37.000000 0 244.000000 26.000000 0 4.000000 244.000000 0 2.000000 168.000000
00013 10 0 34.000000 128.000000 0 34.000000 129.000000 0 37.000000 128.000000 0 15.000000 166.000000 0 10.000000 17.000000 0 35.000000 77.000000 0 188.000000 186.000000 0 7.000000 37.000000 0 8.000000 37.000000 0 4.000000 244.000000
00014 10 0 34.000000 127.000000 0 15.000000 165.000000 0 37.000000 127.000000 0 10.000000 16.000000 0 35.000000 76.000000 0 7.000000 36.000000 0 188.000000 185.000000 0 4.000000 242.000000 0 245.000000 24.000000 0 190.000000 160.000000
00015 10 0 34.000000 129.000000 0 37.000000 128.000000 0 15.000000 166.000000 0 11.000000 18.000000 0 35.000000 77.000000 0 34.000000 77.000000 0 188.000000 187.000000 0 7.000000 37.000000 0 4.000000 244.000000 0 191.000000 162.000000
00016 10 0 15.000000 165.000000 0 34.000000 127.000000 0 37.000000 126.000000 0 35.000000 76.000000 0 34.000000 76.000000 0 12.000000 16.000000 0 188.000000 185.000000 0 4.000000 242.000000 0 8.000000 35.000000 0 2.000000 167.000000
00017 10 0 34.000000 128.000000 0 37.000000 128.000000 0 15.000000 166.000000 0 34.000000 77.000000 0 13.000000 17.000000 0 188.000000 186.000000 0 8.000000 36.000000 0 245.000000 25.000000 0 4.000000 243.000000 0 47.000000 101.000000
00018 10 0 32.000000 128.000000 0 13.000000 166.000000 0 32.000000 77.000000 0 11.000000 18.000000 0 10.000000 18.000000 0 187.000000 187.000000 0 6.000000 37.000000 0 3.000000 244.000000 0 191.000000 162.000000 0 45.000000 100.000000
00019 10 0 32.000000 127.000000 0 14.000000 165.000000 0 32.000000 76.000000 0 10.000000 15.000000 0 187.000000 184.000000 0 4.000000 242.000000 0 3.000000 242.000000 0 189.000000 160.000000 0 2.000000 167.000000 0 6.000000 35.000000
00020 10 0 33.000000 127.000000 0 14.000000 164.000000 0 11.000000 16.000000 0 34.000000 76.000000 0 6.000000 36.000000 0 187.000000 184.000000 0 244.000000 24.000000 0 4.000000 242.000000 0 2.000000 167.000000 0 189.000000 160.000000
00021 10 0 34.000000 127.000000 0 15.000000 165.000000 0 37.000000 127.000000 0 12.000000 16.000000 0 35.000000 76.000000 0 8.000000 35.000000 0 188.000000 184.000000 0 188.000000 185.000000 0 4.000000 242.000000 0 190.000000 160.000000
00022 10 0 13.000000 165.000000 0 32.000000 127.000000 0 35.000000 127.000000 0 33.000000 77.000000 0 10.000000 17.000000 0 7.000000 16.000000 0 187.000000 186.000000 0 5.000000 36.000000 0 2.000000 243.000000 0 243.000000 24.000000
00023 10 0 14.000000 167.000000 0 34.000000 128.000000 0 11.000000 18.000000 0 34.000000 78.000000 0 188.000000 187.000000 0 4.000000 244.000000 0 7.000000 37.000000 0 2.000000 168.000000 0 244.000000 26.000000 0 190.000000 162.000000
00024 10 0 35.000000 128.000000 0 32.000000 128.000000 0 13.000000 166.000000 0 32.000000 77.000000 0 10.000000 18.000000 0 11.000000 18.000000 0 187.000000 187.000000 0 6.000000 37.000000 0 5.000000 37.000000 0 3.000000 244.000000
00025 10 0 34.000000 127.000000 0 11.000000 16.000000 0 34.000000 76.000000 0 14.000000 164.000000 0 37.000000 127.000000 0 187.000000 184.000000 0 244.000000 24.000000 0 6.000000 36.000000 0 4.000000 242.000000 0 46.000000 100.000000
00026 10 0 32.000000 129.000000 0 32.000000 128.000000 0 35.000000 128.000000 0 35.000000 129.000000 0 11.000000 18.000000 0 13.000000 167.000000 0 32.000000 77.000000 0 13.000000 166.000000 0 187.000000 186.000000 0 3.000000 244.000000
00027 10 0 32.000000 128.000000 0 32.000000 77.000000 0 13.000000 166.000000 0 10.000000 18.000000 0 3.000000 244.000000 0 187.000000 187.000000 0 6.000000 37.000000 0 8.000000 37.000000 0 188.000000 162.000000 0 45.000000 101.000000
00028 10 0 15.000000 165.000000 0 34.000000 127.000000 0 37.000000 128.000000 0 37.000000 127.000000 0 13.000000 16.000000 0 12.000000 16.000000 0 11.000000 16.000000 0 35.000000 77.000000 0 188.000000 186.000000 0 4.000000 243.000000
00029 10 0 34.000000 129.000000 0 37.000000 128.000000 0 15.000000 166.000000 0 12.000000 18.000000 0 34.000000 77.000000 0 188.000000 187.000000 0 4.000000 244.000000 0 7.000000 37.000000 0 2.000000 168.000000 0 190.000000 162.000000
00030 10 0 34.000000 128.000000 0 11.000000 18.000000 0 15.000000 166.000000 0 34.000000 78.000000 0 188.000000 187.000000 0 4.000000 244.000000 0 7.000000 37.000000 0 8.000000 37.000000 0 190.000000 162.000000 0 244.000000 26.000000
00031 10 0 14.000000 167.000000 0 33.000000 128.000000 0 36.000000 128.000000 0 34.000000 78.000000 0 11.000000 18.000000 0 187.000000 187.000000 0 7.000000 37.000000 0 244.000000 26.000000 0 4.000000 244.000000 0 191.000000 162.000000
00032 10 0 14.000000 167.000000 0 33.000000 128.000000 0 36.000000 128.000000 0 11.000000 18.000000 0 34.000000 78.000000 0 188.000000 187.000000 0 7.000000 37.000000 0 4.000000 244.000000 0 244.000000 26.000000 0 2.000000 168.000000
00033 10 0 34.000000 129.000000 0 37.000000 128.000000 0 15.000000 166.000000 0 11.000000 18.000000 0 34.000000 78.000000 0 188.000000 187.000000 0 4.000000 244.000000 0 7.000000 37.000000 0 46.000000 101.000000 0 2.000000 168.000000
00034 10 0 34.000000 127.000000 0 15.000000 165.000000 0 11.000000 16.000000 0 35.000000 76.000000 0 188.000000 185.000000 0 4.000000 242.000000 0 7.000000 35.000000 0 8.000000 35.000000 0 2.000000 167.000000 0 192.000000 160.000000
00035 10 0 34.000000 127.000000 0 15.000000 165.000000 0 37.000000 127.000000 0 13.000000 16.000000 0 35.000000 76.000000 0 188.000000 185.000000 0 7.000000 35.000000 0 4.000000 242.000000 0 245.000000 24.000000 0 190.000000 160.000000
00036 10 0 34.000000 127.000000 0 15.000000 165.000000 0 34.000000 76.000000 0 11.000000 16.000000 0 244.000000 24.000000 0 4.000000 242.000000 0 188.000000 185.000000 0 9.000000 35.000000 0 8.000000 35.000000 0 2.000000 167.000000
00037 10 0 32.000000 128.000000 0 13.000000 166.000000 0 32.000000 77.000000 0 10.000000 17.000000 0 35.000000 128.000000 0 187.000000 186.000000 0 5.000000 36.000000 0 243.000000 25.000000 0 2.000000 243.000000 0 56.000000 35.000000
00038 10 0 34.000000 128.000000 0 11.000000 18.000000 0 34.000000 78.000000 0 37.000000 128.000000 0 15.000000 167.000000 0 188.000000 187.000000 0 7.000000 37.000000 0 4.000000 244.000000 0 244.000000 26.000000 0 2.000000 168.000000
00039 10 0 15.000000 165.000000 0 34.000000 127.000000 0 37.000000 128.000000 0 37.000000 127.000000 0 10.000000 16.000000 0 35.000000 77.000000 0 8.000000 36.000000 0 188.000000 186.000000 0 4.000000 243.000000 0 3.000000 167.000000
00040 10 0 34.000000 127.000000 0 34.000000 128.000000 0 15.000000 165.000000 0 37.000000 127.000000 0 11.000000 16.000000 0 35.000000 77.000000 0 34.000000 77.000000 0 4.000000 243.000000 0 188.000000 186.000000 0 7.000000 36.000000
00041 10 0 32.000000 127.000000 0 36.000000 126.000000 0 14.000000 164.000000 0 34.000000 76.000000 0 10.000000 16.000000 0 187.000000 185.000000 0 4.000000 242.000000 0 6.000000 35.000000 0 9.000000 34.000000 0 244.000000 24.000000
00042 10 0 34.000000 127.000000 0 12.000000 16.000000 0 14.000000 165.000000 0 37.000000 127.000000 0 34.000000 76.000000 0 4.000000 242.000000 0 188.000000 185.000000 0 8.000000 35.000000 0 190.000000 160.000000 0 2.000000 167.000000
00043 10 0 34.000000 128.000000 0 37.000000 128.000000 0 15.000000 166.000000 0 10.000000 17.000000 0 34.000000 77.000000 0 13.000000 18.000000 0 188.000000 186.000000 0 7.000000 36.000000 0 4.000000 243.000000 0 190.000000 162.000000
00044 10 0 34.000000 128.000000 0 15.000000 166.000000 0 11.000000 18.000000 0 12.000000 18.000000 0 10.000000 17.000000 0 35.000000 78.000000 0 34.000000 78.000000 0 33.000000 77.000000 0 188.000000 187.000000 0 4.000000 244.000000
00045 10 0 15.000000 165.000000 0 34.000000 127.000000 0 37.000000 128.000000 0 34.000000 77.000000 0 35.000000 77.000000 0 13.000000 17.000000 0 10.000000 16.000000 0 189.000000 186.000000 0 188.000000 186.000000 0 7.000000 36.000000
00046 10 0 13.000000 165.000000 0 32.000000 127.000000 0 10.000000 16.000000 0 33.000000 76.000000 0 186.000000 184.000000 0 3.000000 242.000000 0 5.000000 36.000000 0 56.000000 34.000000 0 189.000000 160.000000 0 244.000000 24.000000
00047 10 0 13.000000 165.000000 0 32.000000 127.000000 0 33.000000 76.000000 0 10.000000 16.000000 0 5.000000 36.000000 0 3.000000 242.000000 0 186.000000 185.000000 0 243.000000 24.000000 0 56.000000 34.000000 0 44.000000 100.000000
00048 10 0 33.000000 128.000000 0 14.000000 167.000000 0 36.000000 128.000000 0 11.000000 18.000000 0 34.000000 78.000000 0 188.000000 187.000000 0 6.000000 37.000000 0 7.000000 37.000000 0 244.000000 26.000000 0 4.000000 244.000000
00049 10 0 34.000000 128.000000 0 15.000000 166.000000 0 37.000000 128.000000 0 34.000000 77.000000 0 35.000000 77.000000 0 10.000000 16.000000 0 13.000000 17.000000 0 7.000000 36.000000 0 188.000000 186.000000 0 189.000000 186.000000
00050 10 0 32.000000 127.000000 0 13.000000 165.000000 0 33.000000 76.000000 0 10.000000 16.000000 0 3.000000 242.000000 0 5.000000 36.000000 0 186.000000 184.000000 0 45.000000 101.000000 0 189.000000 160.000000 0 56.000000 34.000000
