00001 10 0 15.000000 32.000000 0 231.000000 141.000000 0 48.000000 175.000000 0 15.000000 61.000000 0 210.000000 93.000000 0 208.000000 92.000000 0 209.000000 92.000000 0 209.000000 93.000000 0 59.000000 74.000000 0 10.000000 148.000000
00002 10 0 71.000000 75.000000 0 233.000000 143.000000 0 232.000000 143.000000 0 71.000000 5.000000 0 208.000000 91.000000 0 208.000000 92.000000 0 15.000000 63.000000 0 237.000000 15.000000 0 210.000000 93.000000 0 103.000000 39.000000
00003 10 0 232.000000 140.000000 0 232.000000 141.000000 0 208.000000 91.000000 0 15.000000 61.000000 0 237.000000 12.000000 0 16.000000 28.000000 0 16.000000 29.000000 0 0.000000 99.000000 0 31.000000 176.000000 0 39.000000 125.000000
00004 10 0 15.000000 63.000000 0 237.000000 15.000000 0 232.000000 143.000000 0 233.000000 143.000000 0 207.000000 92.000000 0 71.000000 75.000000 0 47.000000 149.000000 0 15.000000 33.000000 0 210.000000 93.000000 0 39.000000 127.000000
00005 10 0 233.000000 141.000000 0 232.000000 141.000000 0 239.000000 12.000000 0 251.000000 144.000000 0 0.000000 136.000000 0 87.000000 8.000000 0 207.000000 91.000000 0 208.000000 91.000000 0 209.000000 91.000000 0 210.000000 92.000000
00006 10 0 16.000000 32.000000 0 208.000000 92.000000 0 208.000000 93.000000 0 0.000000 137.000000 0 234.000000 143.000000 0 48.000000 151.000000 0 108.000000 12.000000 0 71.000000 5.000000 0 11.000000 148.000000 0 15.000000 63.000000
00007 10 0 15.000000 63.000000 0 231.000000 143.000000 0 237.000000 15.000000 0 39.000000 12.000000 0 240.000000 39.000000 0 40.000000 11.000000 0 16.000000 32.000000 0 71.000000 75.000000 0 208.000000 95.000000 0 208.000000 92.000000
00008 10 0 231.000000 142.000000 0 231.000000 141.000000 0 232.000000 140.000000 0 237.000000 13.000000 0 208.000000 92.000000 0 208.000000 93.000000 0 39.000000 11.000000 0 226.000000 104.000000 0 56.000000 74.000000 0 31.000000 178.000000
00009 10 0 207.000000 92.000000 0 232.000000 143.000000 0 16.000000 31.000000 0 237.000000 15.000000 0 208.000000 95.000000 0 15.000000 63.000000 0 241.000000 148.000000 0 240.000000 148.000000 0 32.000000 178.000000 0 71.000000 76.000000
00010 10 0 208.000000 92.000000 0 232.000000 142.000000 0 232.000000 143.000000 0 237.000000 13.000000 0 15.000000 32.000000 0 240.000000 147.000000 0 176.000000 72.000000 0 46.000000 149.000000 0 47.000000 149.000000 0 107.000000 11.000000
00011 10 0 239.000000 13.000000 0 40.000000 11.000000 0 16.000000 32.000000 0 234.000000 143.000000 0 47.000000 150.000000 0 209.000000 92.000000 0 242.000000 148.000000 0 208.000000 92.000000 0 47.000000 149.000000 0 71.000000 75.000000
00012 10 0 208.000000 94.000000 0 208.000000 92.000000 0 208.000000 93.000000 0 232.000000 143.000000 0 233.000000 143.000000 0 237.000000 15.000000 0 237.000000 14.000000 0 15.000000 31.000000 0 184.000000 80.000000 0 0.000000 136.000000
00013 10 0 232.000000 141.000000 0 232.000000 140.000000 0 237.000000 12.000000 0 15.000000 61.000000 0 207.000000 91.000000 0 15.000000 31.000000 0 208.000000 92.000000 0 208.000000 91.000000 0 207.000000 90.000000 0 240.000000 146.000000
00014 10 0 232.000000 143.000000 0 208.000000 93.000000 0 0.000000 136.000000 0 0.000000 137.000000 0 47.000000 150.000000 0 241.000000 148.000000 0 8.000000 152.000000 0 14.000000 32.000000 0 240.000000 148.000000 0 15.000000 63.000000
00015 10 0 234.000000 142.000000 0 233.000000 142.000000 0 16.000000 32.000000 0 210.000000 93.000000 0 40.000000 11.000000 0 48.000000 151.000000 0 71.000000 5.000000 0 32.000000 179.000000 0 0.000000 137.000000 0 243.000000 148.000000
00016 10 0 232.000000 141.000000 0 208.000000 92.000000 0 208.000000 91.000000 0 240.000000 36.000000 0 240.000000 146.000000 0 237.000000 12.000000 0 241.000000 146.000000 0 15.000000 29.000000 0 39.000000 10.000000 0 15.000000 30.000000
00017 10 0 208.000000 92.000000 0 208.000000 91.000000 0 232.000000 141.000000 0 232.000000 140.000000 0 15.000000 31.000000 0 0.000000 136.000000 0 240.000000 146.000000 0 237.000000 12.000000 0 226.000000 104.000000 0 107.000000 11.000000
00018 10 0 231.000000 142.000000 0 231.000000 141.000000 0 237.000000 13.000000 0 231.000000 143.000000 0 236.000000 12.000000 0 236.000000 13.000000 0 237.000000 12.000000 0 208.000000 92.000000 0 39.000000 11.000000 0 14.000000 32.000000
00019 10 0 16.000000 32.000000 0 208.000000 92.000000 0 234.000000 143.000000 0 0.000000 136.000000 0 40.000000 11.000000 0 239.000000 13.000000 0 186.000000 80.000000 0 16.000000 63.000000 0 32.000000 179.000000 0 48.000000 151.000000
00020 10 0 232.000000 140.000000 0 15.000000 31.000000 0 40.000000 8.000000 0 240.000000 146.000000 0 237.000000 12.000000 0 241.000000 146.000000 0 0.000000 135.000000 0 207.000000 90.000000 0 208.000000 91.000000 0 207.000000 91.000000
00021 10 0 208.000000 91.000000 0 231.000000 141.000000 0 240.000000 36.000000 0 237.000000 12.000000 0 15.000000 30.000000 0 241.000000 146.000000 0 240.000000 146.000000 0 15.000000 29.000000 0 248.000000 144.000000 0 59.000000 72.000000
00022 10 0 207.000000 92.000000 0 232.000000 143.000000 0 208.000000 93.000000 0 184.000000 80.000000 0 236.000000 15.000000 0 39.000000 11.000000 0 15.000000 32.000000 0 71.000000 75.000000 0 56.000000 75.000000 0 69.000000 5.000000
00023 10 0 40.000000 11.000000 0 208.000000 92.000000 0 239.000000 13.000000 0 234.000000 142.000000 0 16.000000 32.000000 0 87.000000 8.000000 0 11.000000 148.000000 0 48.000000 149.000000 0 32.000000 178.000000 0 109.000000 11.000000
00024 10 0 232.000000 143.000000 0 233.000000 143.000000 0 15.000000 63.000000 0 15.000000 32.000000 0 39.000000 127.000000 0 40.000000 11.000000 0 0.000000 138.000000 0 240.000000 148.000000 0 241.000000 148.000000 0 32.000000 178.000000
00025 10 0 234.000000 143.000000 0 232.000000 143.000000 0 233.000000 143.000000 0 238.000000 15.000000 0 16.000000 32.000000 0 208.000000 93.000000 0 40.000000 11.000000 0 208.000000 92.000000 0 156.000000 180.000000 0 32.000000 179.000000
00026 10 0 232.000000 141.000000 0 233.000000 141.000000 0 210.000000 91.000000 0 210.000000 92.000000 0 211.000000 92.000000 0 209.000000 92.000000 0 87.000000 8.000000 0 239.000000 12.000000 0 239.000000 13.000000 0 16.000000 32.000000
00027 10 0 208.000000 92.000000 0 208.000000 91.000000 0 231.000000 141.000000 0 0.000000 136.000000 0 237.000000 12.000000 0 71.000000 74.000000 0 120.000000 165.000000 0 15.000000 32.000000 0 66.000000 26.000000 0 15.000000 30.000000
00028 10 0 40.000000 11.000000 0 234.000000 142.000000 0 0.000000 136.000000 0 210.000000 92.000000 0 240.000000 13.000000 0 72.000000 74.000000 0 16.000000 32.000000 0 11.000000 148.000000 0 11.000000 147.000000 0 32.000000 178.000000
00029 10 0 232.000000 140.000000 0 96.000000 39.000000 0 231.000000 141.000000 0 233.000000 140.000000 0 208.000000 92.000000 0 232.000000 141.000000 0 233.000000 141.000000 0 208.000000 91.000000 0 69.000000 3.000000 0 237.000000 12.000000
00030 10 0 208.000000 93.000000 0 207.000000 92.000000 0 232.000000 143.000000 0 232.000000 142.000000 0 237.000000 15.000000 0 15.000000 29.000000 0 219.000000 146.000000 0 32.000000 178.000000 0 32.000000 179.000000 0 220.000000 136.000000
00031 10 0 232.000000 143.000000 0 208.000000 93.000000 0 207.000000 92.000000 0 15.000000 63.000000 0 237.000000 13.000000 0 32.000000 178.000000 0 184.000000 80.000000 0 0.000000 136.000000 0 107.000000 11.000000 0 39.000000 11.000000
00032 10 0 232.000000 141.000000 0 232.000000 140.000000 0 237.000000 12.000000 0 237.000000 13.000000 0 0.000000 136.000000 0 15.000000 31.000000 0 240.000000 146.000000 0 208.000000 92.000000 0 208.000000 91.000000 0 207.000000 90.000000
00033 10 0 237.000000 15.000000 0 238.000000 15.000000 0 207.000000 91.000000 0 207.000000 92.000000 0 208.000000 95.000000 0 233.000000 143.000000 0 237.000000 14.000000 0 40.000000 11.000000 0 232.000000 143.000000 0 32.000000 179.000000
00034 10 0 233.000000 140.000000 0 232.000000 140.000000 0 237.000000 12.000000 0 71.000000 3.000000 0 15.000000 31.000000 0 0.000000 135.000000 0 240.000000 146.000000 0 208.000000 91.000000 0 15.000000 61.000000 0 63.000000 167.000000
00035 10 0 236.000000 14.000000 0 208.000000 93.000000 0 232.000000 141.000000 0 15.000000 32.000000 0 239.000000 36.000000 0 107.000000 12.000000 0 107.000000 11.000000 0 0.000000 136.000000 0 47.000000 149.000000 0 231.000000 149.000000
00036 10 0 231.000000 141.000000 0 231.000000 140.000000 0 0.000000 136.000000 0 208.000000 91.000000 0 237.000000 13.000000 0 96.000000 39.000000 0 39.000000 10.000000 0 15.000000 31.000000 0 16.000000 30.000000 0 15.000000 61.000000
00037 10 0 232.000000 141.000000 0 231.000000 140.000000 0 232.000000 140.000000 0 231.000000 141.000000 0 208.000000 91.000000 0 208.000000 92.000000 0 15.000000 32.000000 0 0.000000 136.000000 0 184.000000 79.000000 0 226.000000 104.000000
00038 10 0 234.000000 143.000000 0 232.000000 143.000000 0 233.000000 143.000000 0 16.000000 32.000000 0 40.000000 11.000000 0 32.000000 179.000000 0 237.000000 15.000000 0 207.000000 91.000000 0 11.000000 148.000000 0 72.000000 15.000000
00039 10 0 232.000000 140.000000 0 48.000000 149.000000 0 71.000000 3.000000 0 210.000000 91.000000 0 241.000000 146.000000 0 240.000000 146.000000 0 0.000000 135.000000 0 0.000000 136.000000 0 96.000000 39.000000 0 39.000000 10.000000
00040 10 0 16.000000 32.000000 0 234.000000 143.000000 0 232.000000 143.000000 0 233.000000 143.000000 0 210.000000 93.000000 0 47.000000 150.000000 0 47.000000 149.000000 0 40.000000 11.000000 0 40.000000 12.000000 0 240.000000 148.000000
00041 10 0 233.000000 143.000000 0 16.000000 33.000000 0 16.000000 32.000000 0 239.000000 15.000000 0 239.000000 11.000000 0 208.000000 92.000000 0 208.000000 93.000000 0 40.000000 11.000000 0 0.000000 137.000000 0 15.000000 63.000000
00042 10 0 239.000000 15.000000 0 16.000000 32.000000 0 208.000000 92.000000 0 208.000000 93.000000 0 234.000000 143.000000 0 0.000000 137.000000 0 15.000000 63.000000 0 40.000000 11.000000 0 59.000000 75.000000 0 122.000000 167.000000
00043 10 0 239.000000 12.000000 0 209.000000 91.000000 0 208.000000 91.000000 0 233.000000 141.000000 0 0.000000 136.000000 0 155.000000 56.000000 0 16.000000 32.000000 0 87.000000 7.000000 0 96.000000 39.000000 0 240.000000 36.000000
00044 10 0 15.000000 32.000000 0 207.000000 91.000000 0 207.000000 92.000000 0 231.000000 142.000000 0 231.000000 141.000000 0 0.000000 136.000000 0 31.000000 178.000000 0 237.000000 15.000000 0 47.000000 151.000000 0 47.000000 150.000000
00045 10 0 232.000000 143.000000 0 15.000000 32.000000 0 40.000000 11.000000 0 210.000000 93.000000 0 32.000000 179.000000 0 63.000000 168.000000 0 207.000000 91.000000 0 238.000000 14.000000 0 238.000000 15.000000 0 238.000000 13.000000
00046 10 0 232.000000 142.000000 0 231.000000 141.000000 0 232.000000 141.000000 0 231.000000 140.000000 0 208.000000 92.000000 0 207.000000 91.000000 0 15.000000 32.000000 0 237.000000 13.000000 0 0.000000 135.000000 0 37.000000 127.000000
00047 10 0 232.000000 140.000000 0 238.000000 12.000000 0 210.000000 92.000000 0 0.000000 135.000000 0 71.000000 3.000000 0 16.000000 29.000000 0 16.000000 30.000000 0 48.000000 149.000000 0 47.000000 148.000000 0 48.000000 150.000000
00048 10 0 232.000000 140.000000 0 232.000000 141.000000 0 208.000000 91.000000 0 208.000000 92.000000 0 240.000000 146.000000 0 241.000000 146.000000 0 71.000000 74.000000 0 99.000000 20.000000 0 237.000000 12.000000 0 39.000000 10.000000
00049 10 0 232.000000 143.000000 0 208.000000 93.000000 0 207.000000 92.000000 0 208.000000 92.000000 0 207.000000 91.000000 0 79.000000 15.000000 0 39.000000 11.000000 0 236.000000 13.000000 0 15.000000 32.000000 0 0.000000 136.000000
00050 10 0 238.000000 12.000000 0 233.000000 141.000000 0 208.000000 91.000000 0 208.000000 90.000000 0 16.000000 29.000000 0 95.000000 140.000000 0 0.000000 136.000000 0 16.000000 32.000000 0 11.000000 147.000000 0 244.000000 146.000000
