00001 10 0 40.000000 151.000000 0 39.000000 151.000000 0 87.000000 181.000000 0 72.000000 191.000000 0 79.000000 191.000000 0 10.000000 168.000000 0 78.000000 191.000000 0 23.000000 194.000000 0 32.000000 159.000000 0 24.000000 188.000000
00002 10 0 69.000000 190.000000 0 69.000000 193.000000 0 69.000000 191.000000 0 69.000000 192.000000 0 39.000000 149.000000 0 8.000000 167.000000 0 76.000000 189.000000 0 77.000000 189.000000 0 86.000000 179.000000 0 21.000000 192.000000
00003 10 0 68.000000 193.000000 0 69.000000 192.000000 0 68.000000 194.000000 0 37.000000 151.000000 0 7.000000 169.000000 0 10.000000 170.000000 0 76.000000 191.000000 0 75.000000 191.000000 0 85.000000 182.000000 0 31.000000 159.000000
00004 10 0 72.000000 192.000000 0 12.000000 168.000000 0 42.000000 151.000000 0 89.000000 181.000000 0 0.000000 139.000000 0 82.000000 191.000000 0 24.000000 194.000000 0 27.000000 189.000000 0 29.000000 183.000000 0 34.000000 159.000000
00005 10 0 71.000000 194.000000 0 10.000000 170.000000 0 40.000000 152.000000 0 80.000000 193.000000 0 77.000000 193.000000 0 88.000000 183.000000 0 23.000000 196.000000 0 26.000000 190.000000 0 33.000000 161.000000 0 40.000000 197.000000
00006 10 0 72.000000 193.000000 0 70.000000 194.000000 0 87.000000 183.000000 0 70.000000 193.000000 0 9.000000 170.000000 0 70.000000 195.000000 0 77.000000 193.000000 0 39.000000 153.000000 0 12.000000 172.000000 0 23.000000 196.000000
00007 10 0 69.000000 195.000000 0 39.000000 152.000000 0 8.000000 170.000000 0 78.000000 192.000000 0 77.000000 192.000000 0 76.000000 192.000000 0 86.000000 183.000000 0 39.000000 195.000000 0 31.000000 160.000000 0 21.000000 195.000000
00008 10 0 68.000000 194.000000 0 7.000000 168.000000 0 37.000000 151.000000 0 76.000000 191.000000 0 85.000000 181.000000 0 31.000000 159.000000 0 10.000000 170.000000 0 20.000000 194.000000 0 21.000000 194.000000 0 22.000000 188.000000
00009 10 0 69.000000 195.000000 0 70.000000 194.000000 0 77.000000 193.000000 0 87.000000 183.000000 0 39.000000 153.000000 0 11.000000 172.000000 0 23.000000 196.000000 0 7.000000 136.000000 0 25.000000 190.000000 0 32.000000 161.000000
00010 10 0 72.000000 192.000000 0 12.000000 168.000000 0 25.000000 192.000000 0 41.000000 150.000000 0 81.000000 190.000000 0 80.000000 190.000000 0 89.000000 180.000000 0 0.000000 138.000000 0 26.000000 187.000000 0 116.000000 181.000000
00011 10 0 72.000000 193.000000 0 12.000000 168.000000 0 41.000000 152.000000 0 82.000000 192.000000 0 27.000000 189.000000 0 0.000000 139.000000 0 24.000000 194.000000 0 77.000000 192.000000 0 89.000000 182.000000 0 34.000000 159.000000
00012 10 0 68.000000 194.000000 0 68.000000 193.000000 0 68.000000 192.000000 0 69.000000 192.000000 0 37.000000 151.000000 0 85.000000 181.000000 0 10.000000 170.000000 0 75.000000 191.000000 0 76.000000 191.000000 0 7.000000 168.000000
00013 10 0 70.000000 194.000000 0 70.000000 195.000000 0 87.000000 184.000000 0 80.000000 193.000000 0 9.000000 169.000000 0 40.000000 152.000000 0 40.000000 153.000000 0 9.000000 170.000000 0 12.000000 172.000000 0 77.000000 193.000000
00014 10 0 70.000000 196.000000 0 80.000000 193.000000 0 10.000000 170.000000 0 23.000000 196.000000 0 40.000000 153.000000 0 87.000000 183.000000 0 77.000000 193.000000 0 7.000000 136.000000 0 24.000000 190.000000 0 32.000000 161.000000
00015 10 0 72.000000 192.000000 0 42.000000 151.000000 0 80.000000 191.000000 0 12.000000 168.000000 0 0.000000 138.000000 0 25.000000 193.000000 0 27.000000 188.000000 0 89.000000 180.000000 0 89.000000 181.000000 0 34.000000 159.000000
00016 10 0 68.000000 192.000000 0 8.000000 167.000000 0 76.000000 190.000000 0 75.000000 190.000000 0 38.000000 150.000000 0 85.000000 180.000000 0 21.000000 193.000000 0 26.000000 181.000000 0 23.000000 187.000000 0 39.000000 194.000000
00017 10 0 72.000000 192.000000 0 72.000000 193.000000 0 12.000000 167.000000 0 0.000000 138.000000 0 41.000000 150.000000 0 80.000000 190.000000 0 89.000000 180.000000 0 26.000000 187.000000 0 24.000000 192.000000 0 10.000000 133.000000
00018 10 0 23.000000 191.000000 0 71.000000 189.000000 0 72.000000 189.000000 0 88.000000 179.000000 0 71.000000 190.000000 0 10.000000 166.000000 0 71.000000 192.000000 0 77.000000 189.000000 0 10.000000 167.000000 0 40.000000 149.000000
00019 10 0 72.000000 193.000000 0 12.000000 170.000000 0 77.000000 192.000000 0 78.000000 192.000000 0 24.000000 195.000000 0 81.000000 192.000000 0 82.000000 192.000000 0 41.000000 153.000000 0 40.000000 153.000000 0 88.000000 182.000000
00020 10 0 69.000000 192.000000 0 68.000000 195.000000 0 10.000000 171.000000 0 75.000000 192.000000 0 76.000000 192.000000 0 77.000000 192.000000 0 37.000000 152.000000 0 38.000000 152.000000 0 85.000000 182.000000 0 23.000000 189.000000
00021 10 0 10.000000 170.000000 0 40.000000 153.000000 0 76.000000 193.000000 0 77.000000 193.000000 0 78.000000 193.000000 0 70.000000 194.000000 0 23.000000 196.000000 0 87.000000 183.000000 0 24.000000 190.000000 0 115.000000 184.000000
00022 10 0 70.000000 189.000000 0 87.000000 179.000000 0 70.000000 190.000000 0 77.000000 189.000000 0 39.000000 149.000000 0 11.000000 168.000000 0 10.000000 165.000000 0 25.000000 186.000000 0 23.000000 191.000000 0 7.000000 132.000000
00023 10 0 72.000000 192.000000 0 12.000000 168.000000 0 42.000000 150.000000 0 80.000000 191.000000 0 89.000000 180.000000 0 25.000000 192.000000 0 0.000000 138.000000 0 26.000000 188.000000 0 27.000000 188.000000 0 29.000000 181.000000
00024 10 0 69.000000 192.000000 0 68.000000 191.000000 0 37.000000 151.000000 0 7.000000 168.000000 0 69.000000 191.000000 0 68.000000 192.000000 0 85.000000 181.000000 0 76.000000 191.000000 0 31.000000 159.000000 0 21.000000 193.000000
00025 10 0 71.000000 190.000000 0 71.000000 189.000000 0 71.000000 192.000000 0 40.000000 149.000000 0 80.000000 189.000000 0 23.000000 191.000000 0 77.000000 189.000000 0 13.000000 168.000000 0 88.000000 179.000000 0 10.000000 165.000000
00026 10 0 72.000000 191.000000 0 42.000000 151.000000 0 72.000000 192.000000 0 12.000000 168.000000 0 89.000000 181.000000 0 83.000000 191.000000 0 0.000000 139.000000 0 24.000000 194.000000 0 27.000000 188.000000 0 34.000000 159.000000
00027 10 0 72.000000 193.000000 0 71.000000 195.000000 0 11.000000 170.000000 0 41.000000 153.000000 0 88.000000 182.000000 0 0.000000 140.000000 0 24.000000 195.000000 0 77.000000 193.000000 0 81.000000 192.000000 0 27.000000 190.000000
00028 10 0 69.000000 190.000000 0 69.000000 192.000000 0 68.000000 192.000000 0 8.000000 166.000000 0 76.000000 190.000000 0 85.000000 180.000000 0 38.000000 150.000000 0 21.000000 192.000000 0 21.000000 193.000000 0 22.000000 187.000000
00029 10 0 68.000000 194.000000 0 68.000000 195.000000 0 8.000000 170.000000 0 79.000000 192.000000 0 76.000000 192.000000 0 78.000000 192.000000 0 77.000000 192.000000 0 38.000000 152.000000 0 86.000000 183.000000 0 31.000000 160.000000
00030 10 0 69.000000 193.000000 0 38.000000 152.000000 0 85.000000 183.000000 0 85.000000 182.000000 0 76.000000 192.000000 0 77.000000 192.000000 0 8.000000 170.000000 0 75.000000 192.000000 0 23.000000 189.000000 0 112.000000 183.000000
00031 10 0 72.000000 193.000000 0 82.000000 192.000000 0 77.000000 192.000000 0 12.000000 169.000000 0 42.000000 152.000000 0 89.000000 182.000000 0 0.000000 139.000000 0 27.000000 189.000000 0 24.000000 194.000000 0 29.000000 184.000000
00032 10 0 72.000000 193.000000 0 12.000000 170.000000 0 82.000000 192.000000 0 81.000000 192.000000 0 41.000000 152.000000 0 88.000000 183.000000 0 77.000000 192.000000 0 24.000000 195.000000 0 0.000000 140.000000 0 27.000000 190.000000
00033 10 0 71.000000 195.000000 0 72.000000 194.000000 0 80.000000 192.000000 0 12.000000 170.000000 0 77.000000 192.000000 0 41.000000 152.000000 0 24.000000 195.000000 0 88.000000 183.000000 0 0.000000 140.000000 0 34.000000 160.000000
00034 10 0 7.000000 168.000000 0 68.000000 194.000000 0 68.000000 191.000000 0 31.000000 159.000000 0 37.000000 151.000000 0 75.000000 192.000000 0 76.000000 192.000000 0 77.000000 192.000000 0 10.000000 170.000000 0 85.000000 182.000000
00035 10 0 71.000000 189.000000 0 71.000000 192.000000 0 71.000000 190.000000 0 71.000000 191.000000 0 40.000000 149.000000 0 10.000000 166.000000 0 80.000000 189.000000 0 13.000000 168.000000 0 77.000000 189.000000 0 23.000000 191.000000
00036 10 0 70.000000 194.000000 0 87.000000 184.000000 0 40.000000 153.000000 0 40.000000 152.000000 0 9.000000 170.000000 0 12.000000 172.000000 0 80.000000 193.000000 0 23.000000 196.000000 0 77.000000 193.000000 0 23.000000 191.000000
00037 10 0 68.000000 194.000000 0 68.000000 195.000000 0 8.000000 169.000000 0 85.000000 183.000000 0 75.000000 192.000000 0 77.000000 192.000000 0 76.000000 192.000000 0 38.000000 152.000000 0 24.000000 189.000000 0 26.000000 184.000000
00038 10 0 71.000000 190.000000 0 71.000000 189.000000 0 71.000000 191.000000 0 71.000000 192.000000 0 88.000000 179.000000 0 13.000000 168.000000 0 80.000000 189.000000 0 40.000000 149.000000 0 24.000000 192.000000 0 76.000000 189.000000
00039 10 0 70.000000 194.000000 0 10.000000 170.000000 0 40.000000 153.000000 0 80.000000 193.000000 0 77.000000 193.000000 0 87.000000 184.000000 0 23.000000 196.000000 0 24.000000 190.000000 0 7.000000 136.000000 0 115.000000 184.000000
00040 10 0 69.000000 195.000000 0 69.000000 194.000000 0 39.000000 153.000000 0 77.000000 193.000000 0 8.000000 170.000000 0 8.000000 169.000000 0 86.000000 183.000000 0 27.000000 184.000000 0 22.000000 195.000000 0 23.000000 195.000000
00041 10 0 68.000000 192.000000 0 37.000000 151.000000 0 76.000000 191.000000 0 7.000000 167.000000 0 85.000000 181.000000 0 10.000000 170.000000 0 31.000000 159.000000 0 24.000000 188.000000 0 21.000000 193.000000 0 38.000000 194.000000
00042 10 0 69.000000 191.000000 0 68.000000 191.000000 0 68.000000 192.000000 0 9.000000 168.000000 0 85.000000 180.000000 0 38.000000 150.000000 0 37.000000 151.000000 0 75.000000 190.000000 0 76.000000 190.000000 0 21.000000 192.000000
00043 10 0 72.000000 191.000000 0 42.000000 151.000000 0 12.000000 168.000000 0 80.000000 191.000000 0 89.000000 180.000000 0 0.000000 138.000000 0 27.000000 188.000000 0 24.000000 192.000000 0 25.000000 193.000000 0 25.000000 192.000000
00044 10 0 42.000000 151.000000 0 12.000000 168.000000 0 72.000000 194.000000 0 79.000000 192.000000 0 0.000000 139.000000 0 24.000000 194.000000 0 89.000000 181.000000 0 83.000000 191.000000 0 27.000000 189.000000 0 29.000000 183.000000
00045 10 0 69.000000 191.000000 0 69.000000 193.000000 0 69.000000 192.000000 0 69.000000 190.000000 0 39.000000 149.000000 0 8.000000 167.000000 0 77.000000 189.000000 0 86.000000 179.000000 0 23.000000 187.000000 0 21.000000 192.000000
00046 10 0 69.000000 191.000000 0 69.000000 189.000000 0 69.000000 190.000000 0 8.000000 167.000000 0 39.000000 149.000000 0 11.000000 168.000000 0 77.000000 189.000000 0 78.000000 189.000000 0 79.000000 189.000000 0 76.000000 189.000000
00047 10 0 40.000000 149.000000 0 10.000000 166.000000 0 71.000000 192.000000 0 71.000000 190.000000 0 88.000000 179.000000 0 77.000000 189.000000 0 23.000000 191.000000 0 26.000000 186.000000 0 28.000000 180.000000 0 28.000000 181.000000
00048 10 0 72.000000 191.000000 0 72.000000 192.000000 0 72.000000 194.000000 0 42.000000 151.000000 0 12.000000 168.000000 0 79.000000 191.000000 0 26.000000 188.000000 0 0.000000 138.000000 0 25.000000 193.000000 0 89.000000 181.000000
00049 10 0 68.000000 194.000000 0 7.000000 167.000000 0 37.000000 151.000000 0 75.000000 191.000000 0 76.000000 191.000000 0 85.000000 181.000000 0 31.000000 159.000000 0 20.000000 194.000000 0 23.000000 188.000000 0 24.000000 188.000000
00050 10 0 71.000000 190.000000 0 72.000000 190.000000 0 13.000000 168.000000 0 71.000000 192.000000 0 24.000000 192.000000 0 88.000000 179.000000 0 77.000000 189.000000 0 10.000000 167.000000 0 34.000000 157.000000 0 81.000000 189.000000
