00001 10 0 216.000000 229.000000 0 215.000000 229.000000 0 233.000000 139.000000 0 234.000000 136.000000 0 196.000000 160.000000 0 223.000000 112.000000 0 63.000000 18.000000 0 19.000000 205.000000 0 188.000000 155.000000 0 5.000000 241.000000
00002 10 0 216.000000 229.000000 0 215.000000 229.000000 0 233.000000 139.000000 0 234.000000 136.000000 0 196.000000 160.000000 0 188.000000 155.000000 0 63.000000 18.000000 0 19.000000 205.000000 0 223.000000 112.000000 0 5.000000 241.000000
00003 10 0 216.000000 229.000000 0 233.000000 139.000000 0 234.000000 136.000000 0 196.000000 160.000000 0 63.000000 18.000000 0 223.000000 112.000000 0 19.000000 205.000000 0 188.000000 155.000000 0 5.000000 241.000000 0 254.000000 252.000000
00004 10 0 215.000000 229.000000 0 216.000000 229.000000 0 233.000000 139.000000 0 234.000000 136.000000 0 195.000000 160.000000 0 5.000000 241.000000 0 63.000000 18.000000 0 19.000000 205.000000 0 188.000000 155.000000 0 223.000000 112.000000
00005 10 0 216.000000 229.000000 0 233.000000 139.000000 0 188.000000 155.000000 0 223.000000 112.000000 0 194.000000 160.000000 0 63.000000 18.000000 0 5.000000 241.000000 0 19.000000 205.000000 0 254.000000 252.000000 0 173.000000 162.000000
00006 10 0 216.000000 229.000000 0 215.000000 229.000000 0 233.000000 139.000000 0 196.000000 160.000000 0 223.000000 112.000000 0 63.000000 18.000000 0 188.000000 155.000000 0 19.000000 205.000000 0 5.000000 241.000000 0 173.000000 162.000000
00007 10 0 216.000000 229.000000 0 233.000000 139.000000 0 234.000000 136.000000 0 196.000000 160.000000 0 188.000000 155.000000 0 63.000000 18.000000 0 19.000000 205.000000 0 223.000000 112.000000 0 5.000000 241.000000 0 173.000000 162.000000
00008 10 0 216.000000 229.000000 0 233.000000 139.000000 0 195.000000 160.000000 0 223.000000 112.000000 0 5.000000 241.000000 0 19.000000 205.000000 0 188.000000 155.000000 0 63.000000 18.000000 0 173.000000 162.000000 0 147.000000 162.000000
00009 10 0 215.000000 229.000000 0 216.000000 229.000000 0 233.000000 139.000000 0 196.000000 160.000000 0 223.000000 112.000000 0 63.000000 18.000000 0 19.000000 205.000000 0 188.000000 155.000000 0 5.000000 241.000000 0 173.000000 162.000000
00010 10 0 215.000000 229.000000 0 216.000000 229.000000 0 233.000000 139.000000 0 234.000000 136.000000 0 223.000000 112.000000 0 194.000000 160.000000 0 63.000000 18.000000 0 5.000000 241.000000 0 19.000000 205.000000 0 188.000000 155.000000
00011 10 0 216.000000 229.000000 0 233.000000 139.000000 0 223.000000 112.000000 0 194.000000 160.000000 0 63.000000 18.000000 0 64.000000 18.000000 0 19.000000 205.000000 0 5.000000 241.000000 0 188.000000 155.000000 0 173.000000 162.000000
00012 10 0 216.000000 229.000000 0 215.000000 229.000000 0 233.000000 139.000000 0 234.000000 136.000000 0 223.000000 112.000000 0 195.000000 160.000000 0 19.000000 205.000000 0 63.000000 18.000000 0 188.000000 155.000000 0 5.000000 241.000000
00013 10 0 215.000000 229.000000 0 216.000000 229.000000 0 233.000000 139.000000 0 234.000000 136.000000 0 196.000000 160.000000 0 63.000000 18.000000 0 223.000000 112.000000 0 19.000000 205.000000 0 188.000000 155.000000 0 5.000000 241.000000
00014 10 0 216.000000 229.000000 0 233.000000 139.000000 0 234.000000 136.000000 0 195.000000 160.000000 0 223.000000 112.000000 0 63.000000 18.000000 0 188.000000 155.000000 0 19.000000 205.000000 0 5.000000 241.000000 0 254.000000 253.000000
00015 10 0 215.000000 229.000000 0 216.000000 229.000000 0 233.000000 139.000000 0 234.000000 136.000000 0 195.000000 160.000000 0 63.000000 18.000000 0 19.000000 205.000000 0 188.000000 155.000000 0 223.000000 112.000000 0 5.000000 241.000000
00016 10 0 215.000000 229.000000 0 216.000000 229.000000 0 233.000000 139.000000 0 234.000000 136.000000 0 196.000000 160.000000 0 223.000000 112.000000 0 19.000000 205.000000 0 63.000000 18.000000 0 188.000000 155.000000 0 5.000000 241.000000
00017 10 0 216.000000 229.000000 0 233.000000 139.000000 0 234.000000 136.000000 0 196.000000 160.000000 0 188.000000 155.000000 0 5.000000 241.000000 0 19.000000 205.000000 0 63.000000 18.000000 0 223.000000 112.000000 0 254.000000 252.000000
00018 10 0 215.000000 229.000000 0 216.000000 229.000000 0 233.000000 139.000000 0 234.000000 136.000000 0 63.000000 18.000000 0 195.000000 160.000000 0 223.000000 112.000000 0 188.000000 155.000000 0 19.000000 205.000000 0 5.000000 241.000000
00019 10 0 216.000000 229.000000 0 233.000000 139.000000 0 63.000000 18.000000 0 196.000000 160.000000 0 188.000000 155.000000 0 19.000000 205.000000 0 223.000000 112.000000 0 5.000000 241.000000 0 254.000000 253.000000 0 173.000000 162.000000
00020 10 0 216.000000 229.000000 0 233.000000 139.000000 0 63.000000 18.000000 0 194.000000 160.000000 0 5.000000 241.000000 0 19.000000 205.000000 0 188.000000 155.000000 0 223.000000 112.000000 0 254.000000 253.000000 0 173.000000 162.000000
00021 10 0 216.000000 229.000000 0 233.000000 139.000000 0 195.000000 160.000000 0 223.000000 112.000000 0 63.000000 18.000000 0 19.000000 205.000000 0 188.000000 155.000000 0 5.000000 241.000000 0 173.000000 162.000000 0 254.000000 252.000000
00022 10 0 216.000000 229.000000 0 233.000000 139.000000 0 234.000000 136.000000 0 63.000000 18.000000 0 196.000000 160.000000 0 223.000000 112.000000 0 188.000000 155.000000 0 19.000000 205.000000 0 5.000000 241.000000 0 173.000000 162.000000
00023 10 0 216.000000 229.000000 0 215.000000 229.000000 0 233.000000 139.000000 0 234.000000 136.000000 0 63.000000 18.000000 0 195.000000 160.000000 0 223.000000 112.000000 0 19.000000 205.000000 0 188.000000 155.000000 0 5.000000 241.000000
00024 10 0 216.000000 229.000000 0 233.000000 139.000000 0 63.000000 18.000000 0 223.000000 112.000000 0 18.000000 205.000000 0 19.000000 205.000000 0 194.000000 160.000000 0 188.000000 155.000000 0 5.000000 241.000000 0 173.000000 162.000000
00025 10 0 216.000000 229.000000 0 233.000000 139.000000 0 234.000000 136.000000 0 63.000000 18.000000 0 195.000000 160.000000 0 223.000000 112.000000 0 188.000000 155.000000 0 19.000000 205.000000 0 5.000000 241.000000 0 173.000000 162.000000
00026 10 0 216.000000 229.000000 0 233.000000 139.000000 0 196.000000 160.000000 0 223.000000 112.000000 0 63.000000 18.000000 0 188.000000 155.000000 0 19.000000 205.000000 0 5.000000 241.000000 0 254.000000 252.000000 0 173.000000 162.000000
00027 10 0 216.000000 229.000000 0 215.000000 229.000000 0 233.000000 139.000000 0 195.000000 160.000000 0 63.000000 18.000000 0 223.000000 112.000000 0 188.000000 155.000000 0 19.000000 205.000000 0 5.000000 241.000000 0 173.000000 162.000000
00028 10 0 216.000000 229.000000 0 233.000000 139.000000 0 195.000000 160.000000 0 223.000000 112.000000 0 188.000000 155.000000 0 63.000000 18.000000 0 64.000000 19.000000 0 64.000000 18.000000 0 19.000000 205.000000 0 5.000000 241.000000
00029 10 0 216.000000 229.000000 0 233.000000 139.000000 0 234.000000 136.000000 0 223.000000 112.000000 0 195.000000 160.000000 0 5.000000 241.000000 0 63.000000 18.000000 0 19.000000 205.000000 0 188.000000 155.000000 0 173.000000 162.000000
00030 10 0 216.000000 229.000000 0 215.000000 229.000000 0 233.000000 139.000000 0 234.000000 136.000000 0 196.000000 160.000000 0 188.000000 155.000000 0 64.000000 18.000000 0 19.000000 205.000000 0 5.000000 241.000000 0 223.000000 112.000000
00031 10 0 215.000000 229.000000 0 233.000000 139.000000 0 234.000000 136.000000 0 195.000000 160.000000 0 223.000000 112.000000 0 63.000000 18.000000 0 188.000000 155.000000 0 19.000000 205.000000 0 5.000000 241.000000 0 173.000000 162.000000
00032 10 0 215.000000 229.000000 0 216.000000 229.000000 0 233.000000 139.000000 0 195.000000 160.000000 0 223.000000 112.000000 0 64.000000 18.000000 0 188.000000 155.000000 0 19.000000 205.000000 0 5.000000 241.000000 0 173.000000 162.000000
00033 10 0 216.000000 229.000000 0 215.000000 229.000000 0 233.000000 139.000000 0 234.000000 136.000000 0 196.000000 160.000000 0 63.000000 18.000000 0 188.000000 155.000000 0 5.000000 241.000000 0 223.000000 112.000000 0 19.000000 205.000000
00034 10 0 215.000000 229.000000 0 216.000000 229.000000 0 233.000000 139.000000 0 223.000000 112.000000 0 5.000000 241.000000 0 64.000000 19.000000 0 194.000000 160.000000 0 19.000000 205.000000 0 188.000000 155.000000 0 173.000000 162.000000
00035 10 0 216.000000 229.000000 0 233.000000 139.000000 0 234.000000 136.000000 0 223.000000 112.000000 0 188.000000 155.000000 0 194.000000 160.000000 0 63.000000 18.000000 0 19.000000 205.000000 0 5.000000 241.000000 0 254.000000 252.000000
00036 10 0 216.000000 229.000000 0 233.000000 139.000000 0 234.000000 136.000000 0 196.000000 160.000000 0 63.000000 18.000000 0 188.000000 155.000000 0 223.000000 112.000000 0 19.000000 205.000000 0 5.000000 241.000000 0 173.000000 162.000000
00037 10 0 216.000000 229.000000 0 233.000000 139.000000 0 223.000000 112.000000 0 196.000000 160.000000 0 5.000000 241.000000 0 19.000000 205.000000 0 63.000000 18.000000 0 188.000000 155.000000 0 3.000000 199.000000 0 4.000000 199.000000
00038 10 0 216.000000 229.000000 0 233.000000 139.000000 0 234.000000 136.000000 0 223.000000 112.000000 0 188.000000 155.000000 0 195.000000 160.000000 0 63.000000 18.000000 0 19.000000 205.000000 0 5.000000 241.000000 0 173.000000 162.000000
00039 10 0 216.000000 229.000000 0 233.000000 139.000000 0 234.000000 136.000000 0 195.000000 160.000000 0 223.000000 112.000000 0 63.000000 18.000000 0 188.000000 155.000000 0 19.000000 205.000000 0 5.000000 241.000000 0 173.000000 162.000000
00040 10 0 215.000000 229.000000 0 216.000000 229.000000 0 233.000000 139.000000 0 234.000000 136.000000 0 195.000000 160.000000 0 188.000000 155.000000 0 63.000000 18.000000 0 19.000000 205.000000 0 223.000000 112.000000 0 5.000000 241.000000
00041 10 0 216.000000 229.000000 0 215.000000 229.000000 0 233.000000 139.000000 0 196.000000 160.000000 0 63.000000 18.000000 0 223.000000 112.000000 0 188.000000 155.000000 0 19.000000 205.000000 0 5.000000 241.000000 0 173.000000 162.000000
00042 10 0 215.000000 229.000000 0 216.000000 229.000000 0 233.000000 139.000000 0 234.000000 136.000000 0 195.000000 160.000000 0 188.000000 155.000000 0 223.000000 112.000000 0 19.000000 205.000000 0 63.000000 18.000000 0 5.000000 241.000000
00043 10 0 216.000000 229.000000 0 234.000000 136.000000 0 233.000000 139.000000 0 195.000000 160.000000 0 223.000000 112.000000 0 63.000000 18.000000 0 188.000000 155.000000 0 19.000000 205.000000 0 5.000000 241.000000 0 173.000000 162.000000
00044 10 0 215.000000 229.000000 0 216.000000 229.000000 0 233.000000 139.000000 0 234.000000 136.000000 0 63.000000 18.000000 0 196.000000 160.000000 0 188.000000 155.000000 0 5.000000 241.000000 0 223.000000 112.000000 0 19.000000 205.000000
00045 10 0 216.000000 229.000000 0 233.000000 139.000000 0 234.000000 136.000000 0 223.000000 112.000000 0 195.000000 160.000000 0 63.000000 18.000000 0 188.000000 155.000000 0 5.000000 241.000000 0 19.000000 205.000000 0 18.000000 205.000000
00046 10 0 215.000000 229.000000 0 216.000000 229.000000 0 233.000000 139.000000 0 234.000000 136.000000 0 223.000000 112.000000 0 63.000000 18.000000 0 19.000000 205.000000 0 197.000000 160.000000 0 196.000000 160.000000 0 188.000000 155.000000
00047 10 0 216.000000 229.000000 0 233.000000 139.000000 0 234.000000 136.000000 0 195.000000 160.000000 0 188.000000 155.000000 0 63.000000 18.000000 0 223.000000 112.000000 0 19.000000 205.000000 0 5.000000 241.000000 0 147.000000 162.000000
00048 10 0 216.000000 229.000000 0 215.000000 229.000000 0 233.000000 139.000000 0 233.000000 138.000000 0 195.000000 160.000000 0 223.000000 112.000000 0 188.000000 155.000000 0 19.000000 205.000000 0 63.000000 18.000000 0 5.000000 241.000000
00049 10 0 216.000000 229.000000 0 233.000000 139.000000 0 233.000000 138.000000 0 194.000000 160.000000 0 63.000000 18.000000 0 197.000000 160.000000 0 223.000000 112.000000 0 188.000000 155.000000 0 5.000000 241.000000 0 19.000000 205.000000
00050 10 0 216.000000 229.000000 0 215.000000 229.000000 0 233.000000 139.000000 0 234.000000 136.000000 0 223.000000 112.000000 0 196.000000 160.000000 0 63.000000 18.000000 0 18.000000 205.000000 0 188.000000 155.000000 0 5.000000 241.000000
