00001 10 0 64.000000 208.000000 0 46.000000 173.000000 0 15.000000 109.000000 0 18.000000 91.000000 0 239.000000 176.000000 0 176.000000 78.000000 0 213.000000 239.000000 0 171.000000 47.000000 0 183.000000 56.000000 0 176.000000 86.000000
00002 10 0 174.000000 70.000000 0 167.000000 87.000000 0 188.000000 84.000000 0 172.000000 45.000000 0 47.000000 172.000000 0 184.000000 85.000000 0 145.000000 77.000000 0 163.000000 76.000000 0 178.000000 75.000000 0 23.000000 87.000000
00003 10 0 242.000000 176.000000 0 64.000000 212.000000 0 24.000000 85.000000 0 180.000000 48.000000 0 179.000000 73.000000 0 16.000000 110.000000 0 176.000000 46.000000 0 16.000000 93.000000 0 47.000000 167.000000 0 169.000000 90.000000
00004 10 0 20.000000 93.000000 0 240.000000 178.000000 0 161.000000 78.000000 0 63.000000 208.000000 0 178.000000 71.000000 0 175.000000 70.000000 0 64.000000 215.000000 0 191.000000 87.000000 0 48.000000 173.000000 0 181.000000 88.000000
00005 10 0 0.000000 242.000000 0 157.000000 76.000000 0 175.000000 47.000000 0 63.000000 208.000000 0 64.000000 208.000000 0 172.000000 48.000000 0 16.000000 95.000000 0 241.000000 176.000000 0 178.000000 75.000000 0 23.000000 86.000000
00006 10 0 176.000000 54.000000 0 189.000000 84.000000 0 14.000000 95.000000 0 178.000000 48.000000 0 161.000000 49.000000 0 237.000000 175.000000 0 173.000000 45.000000 0 161.000000 76.000000 0 184.000000 87.000000 0 186.000000 86.000000
00007 10 0 29.000000 216.000000 0 146.000000 77.000000 0 239.000000 177.000000 0 16.000000 95.000000 0 186.000000 88.000000 0 177.000000 78.000000 0 236.000000 176.000000 0 190.000000 87.000000 0 19.000000 95.000000 0 184.000000 58.000000
00008 10 0 47.000000 168.000000 0 174.000000 72.000000 0 15.000000 110.000000 0 183.000000 56.000000 0 163.000000 48.000000 0 178.000000 87.000000 0 63.000000 208.000000 0 63.000000 211.000000 0 240.000000 176.000000 0 143.000000 78.000000
00009 10 0 18.000000 91.000000 0 60.000000 208.000000 0 47.000000 171.000000 0 14.000000 94.000000 0 17.000000 95.000000 0 184.000000 88.000000 0 231.000000 176.000000 0 42.000000 173.000000 0 170.000000 47.000000 0 23.000000 87.000000
00010 10 0 15.000000 109.000000 0 184.000000 88.000000 0 176.000000 47.000000 0 239.000000 177.000000 0 24.000000 86.000000 0 63.000000 209.000000 0 183.000000 58.000000 0 176.000000 88.000000 0 64.000000 213.000000 0 173.000000 48.000000
00011 10 0 146.000000 76.000000 0 168.000000 88.000000 0 236.000000 175.000000 0 177.000000 70.000000 0 18.000000 90.000000 0 173.000000 45.000000 0 15.000000 110.000000 0 184.000000 87.000000 0 180.000000 86.000000 0 176.000000 85.000000
00012 10 0 63.000000 208.000000 0 240.000000 176.000000 0 238.000000 176.000000 0 192.000000 88.000000 0 17.000000 94.000000 0 176.000000 47.000000 0 45.000000 167.000000 0 231.000000 178.000000 0 184.000000 56.000000 0 160.000000 78.000000
00013 10 0 171.000000 54.000000 0 182.000000 87.000000 0 144.000000 79.000000 0 238.000000 177.000000 0 173.000000 77.000000 0 175.000000 48.000000 0 82.000000 245.000000 0 168.000000 53.000000 0 13.000000 111.000000 0 167.000000 46.000000
00014 10 0 28.000000 215.000000 0 238.000000 177.000000 0 15.000000 110.000000 0 170.000000 45.000000 0 231.000000 179.000000 0 64.000000 212.000000 0 178.000000 80.000000 0 24.000000 87.000000 0 174.000000 46.000000 0 176.000000 55.000000
00015 10 0 62.000000 214.000000 0 15.000000 109.000000 0 63.000000 209.000000 0 177.000000 79.000000 0 178.000000 87.000000 0 163.000000 79.000000 0 239.000000 178.000000 0 232.000000 178.000000 0 163.000000 51.000000 0 186.000000 88.000000
00016 10 0 13.000000 111.000000 0 64.000000 208.000000 0 145.000000 77.000000 0 183.000000 86.000000 0 177.000000 79.000000 0 177.000000 72.000000 0 62.000000 212.000000 0 237.000000 177.000000 0 172.000000 46.000000 0 151.000000 76.000000
00017 10 0 18.000000 93.000000 0 231.000000 175.000000 0 18.000000 90.000000 0 180.000000 87.000000 0 63.000000 206.000000 0 236.000000 176.000000 0 47.000000 168.000000 0 177.000000 76.000000 0 178.000000 75.000000 0 239.000000 177.000000
00018 10 0 175.000000 71.000000 0 14.000000 92.000000 0 236.000000 175.000000 0 182.000000 56.000000 0 163.000000 77.000000 0 181.000000 75.000000 0 19.000000 92.000000 0 177.000000 75.000000 0 20.000000 82.000000 0 179.000000 86.000000
00019 10 0 253.000000 96.000000 0 160.000000 77.000000 0 14.000000 112.000000 0 235.000000 176.000000 0 145.000000 78.000000 0 184.000000 88.000000 0 176.000000 76.000000 0 239.000000 177.000000 0 173.000000 71.000000 0 167.000000 88.000000
00020 10 0 176.000000 69.000000 0 179.000000 75.000000 0 146.000000 75.000000 0 177.000000 78.000000 0 0.000000 250.000000 0 168.000000 89.000000 0 15.000000 108.000000 0 183.000000 85.000000 0 167.000000 75.000000 0 174.000000 46.000000
00021 10 0 232.000000 178.000000 0 176.000000 78.000000 0 187.000000 88.000000 0 169.000000 91.000000 0 173.000000 48.000000 0 176.000000 71.000000 0 238.000000 178.000000 0 174.000000 88.000000 0 161.000000 78.000000 0 176.000000 47.000000
00022 10 0 144.000000 77.000000 0 182.000000 86.000000 0 24.000000 213.000000 0 187.000000 87.000000 0 239.000000 175.000000 0 157.000000 77.000000 0 14.000000 95.000000 0 176.000000 71.000000 0 14.000000 109.000000 0 173.000000 88.000000
00023 10 0 145.000000 78.000000 0 176.000000 73.000000 0 15.000000 95.000000 0 184.000000 87.000000 0 170.000000 50.000000 0 164.000000 79.000000 0 18.000000 95.000000 0 20.000000 93.000000 0 161.000000 51.000000 0 19.000000 92.000000
00024 10 0 188.000000 87.000000 0 175.000000 72.000000 0 185.000000 87.000000 0 145.000000 76.000000 0 173.000000 46.000000 0 144.000000 76.000000 0 169.000000 52.000000 0 62.000000 208.000000 0 15.000000 92.000000 0 63.000000 211.000000
00025 10 0 239.000000 177.000000 0 64.000000 209.000000 0 242.000000 176.000000 0 175.000000 48.000000 0 15.000000 92.000000 0 19.000000 93.000000 0 180.000000 88.000000 0 16.000000 95.000000 0 232.000000 177.000000 0 164.000000 79.000000
00026 10 0 188.000000 85.000000 0 184.000000 86.000000 0 144.000000 78.000000 0 14.000000 108.000000 0 176.000000 76.000000 0 61.000000 207.000000 0 172.000000 46.000000 0 167.000000 90.000000 0 164.000000 75.000000 0 176.000000 73.000000
00027 10 0 20.000000 86.000000 0 18.000000 92.000000 0 145.000000 76.000000 0 14.000000 94.000000 0 174.000000 87.000000 0 179.000000 72.000000 0 43.000000 168.000000 0 173.000000 75.000000 0 43.000000 173.000000 0 20.000000 81.000000
00028 10 0 63.000000 209.000000 0 16.000000 95.000000 0 238.000000 177.000000 0 243.000000 177.000000 0 173.000000 48.000000 0 175.000000 48.000000 0 159.000000 79.000000 0 233.000000 177.000000 0 176.000000 77.000000 0 23.000000 82.000000
00029 10 0 171.000000 47.000000 0 63.000000 208.000000 0 239.000000 177.000000 0 236.000000 177.000000 0 238.000000 177.000000 0 179.000000 74.000000 0 179.000000 79.000000 0 231.000000 177.000000 0 0.000000 243.000000 0 170.000000 54.000000
00030 10 0 187.000000 88.000000 0 176.000000 47.000000 0 64.000000 211.000000 0 15.000000 110.000000 0 235.000000 176.000000 0 183.000000 89.000000 0 176.000000 76.000000 0 20.000000 86.000000 0 239.000000 178.000000 0 25.000000 87.000000
00031 10 0 191.000000 88.000000 0 175.000000 87.000000 0 146.000000 78.000000 0 184.000000 88.000000 0 16.000000 108.000000 0 237.000000 177.000000 0 176.000000 46.000000 0 240.000000 177.000000 0 173.000000 47.000000 0 180.000000 87.000000
00032 10 0 191.000000 87.000000 0 16.000000 94.000000 0 15.000000 113.000000 0 176.000000 72.000000 0 25.000000 87.000000 0 178.000000 78.000000 0 175.000000 76.000000 0 240.000000 177.000000 0 65.000000 213.000000 0 15.000000 108.000000
00033 10 0 175.000000 46.000000 0 184.000000 87.000000 0 168.000000 89.000000 0 146.000000 75.000000 0 23.000000 80.000000 0 0.000000 249.000000 0 83.000000 240.000000 0 175.000000 75.000000 0 161.000000 75.000000 0 242.000000 175.000000
00034 10 0 184.000000 58.000000 0 237.000000 177.000000 0 61.000000 209.000000 0 175.000000 87.000000 0 157.000000 76.000000 0 181.000000 57.000000 0 145.000000 77.000000 0 189.000000 86.000000 0 13.000000 114.000000 0 175.000000 48.000000
00035 10 0 144.000000 79.000000 0 181.000000 88.000000 0 179.000000 88.000000 0 15.000000 95.000000 0 176.000000 72.000000 0 186.000000 87.000000 0 176.000000 75.000000 0 173.000000 76.000000 0 232.000000 177.000000 0 237.000000 176.000000
00036 10 0 0.000000 247.000000 0 45.000000 167.000000 0 231.000000 176.000000 0 237.000000 176.000000 0 47.000000 171.000000 0 178.000000 71.000000 0 176.000000 70.000000 0 175.000000 47.000000 0 181.000000 55.000000 0 20.000000 92.000000
00037 10 0 63.000000 209.000000 0 23.000000 87.000000 0 146.000000 77.000000 0 236.000000 177.000000 0 45.000000 173.000000 0 17.000000 95.000000 0 141.000000 79.000000 0 239.000000 178.000000 0 183.000000 59.000000 0 176.000000 76.000000
00038 10 0 63.000000 208.000000 0 63.000000 212.000000 0 175.000000 76.000000 0 239.000000 177.000000 0 180.000000 86.000000 0 82.000000 242.000000 0 146.000000 76.000000 0 173.000000 73.000000 0 14.000000 108.000000 0 175.000000 70.000000
00039 10 0 168.000000 54.000000 0 175.000000 55.000000 0 177.000000 78.000000 0 187.000000 88.000000 0 24.000000 88.000000 0 147.000000 80.000000 0 18.000000 94.000000 0 170.000000 47.000000 0 26.000000 216.000000 0 235.000000 177.000000
00040 10 0 175.000000 71.000000 0 45.000000 168.000000 0 62.000000 208.000000 0 174.000000 87.000000 0 20.000000 84.000000 0 175.000000 68.000000 0 244.000000 176.000000 0 168.000000 87.000000 0 236.000000 176.000000 0 15.000000 107.000000
00041 10 0 177.000000 87.000000 0 18.000000 93.000000 0 230.000000 176.000000 0 159.000000 78.000000 0 143.000000 79.000000 0 62.000000 213.000000 0 14.000000 94.000000 0 175.000000 48.000000 0 184.000000 87.000000 0 13.000000 112.000000
00042 10 0 175.000000 86.000000 0 64.000000 208.000000 0 161.000000 76.000000 0 171.000000 46.000000 0 184.000000 88.000000 0 168.000000 45.000000 0 15.000000 95.000000 0 60.000000 208.000000 0 239.000000 176.000000 0 173.000000 79.000000
00043 10 0 184.000000 86.000000 0 159.000000 75.000000 0 190.000000 87.000000 0 176.000000 46.000000 0 64.000000 208.000000 0 24.000000 83.000000 0 183.000000 56.000000 0 173.000000 45.000000 0 230.000000 175.000000 0 231.000000 175.000000
00044 10 0 180.000000 47.000000 0 15.000000 92.000000 0 184.000000 85.000000 0 63.000000 207.000000 0 162.000000 47.000000 0 24.000000 87.000000 0 24.000000 84.000000 0 158.000000 76.000000 0 145.000000 77.000000 0 183.000000 58.000000
00045 10 0 239.000000 176.000000 0 176.000000 46.000000 0 62.000000 207.000000 0 175.000000 68.000000 0 15.000000 109.000000 0 174.000000 86.000000 0 145.000000 77.000000 0 185.000000 87.000000 0 142.000000 77.000000 0 26.000000 211.000000
00046 10 0 184.000000 56.000000 0 19.000000 85.000000 0 185.000000 87.000000 0 176.000000 84.000000 0 64.000000 208.000000 0 174.000000 71.000000 0 0.000000 244.000000 0 48.000000 168.000000 0 157.000000 75.000000 0 144.000000 76.000000
00047 10 0 22.000000 82.000000 0 244.000000 178.000000 0 16.000000 109.000000 0 15.000000 94.000000 0 174.000000 73.000000 0 174.000000 88.000000 0 63.000000 208.000000 0 186.000000 88.000000 0 184.000000 86.000000 0 180.000000 86.000000
00048 10 0 162.000000 51.000000 0 19.000000 92.000000 0 0.000000 247.000000 0 184.000000 87.000000 0 240.000000 177.000000 0 161.000000 79.000000 0 13.000000 115.000000 0 63.000000 209.000000 0 183.000000 58.000000 0 175.000000 78.000000
00049 10 0 180.000000 76.000000 0 176.000000 72.000000 0 0.000000 244.000000 0 191.000000 88.000000 0 254.000000 98.000000 0 146.000000 78.000000 0 239.000000 177.000000 0 16.000000 109.000000 0 169.000000 89.000000 0 175.000000 89.000000
00050 10 0 175.000000 71.000000 0 177.000000 79.000000 0 184.000000 88.000000 0 236.000000 177.000000 0 240.000000 176.000000 0 254.000000 96.000000 0 162.000000 76.000000 0 60.000000 208.000000 0 175.000000 84.000000 0 14.000000 108.000000
