00001 10 0 208.000000 91.000000 0 208.000000 90.000000 0 213.000000 91.000000 0 213.000000 95.000000 0 220.000000 195.000000 0 208.000000 96.000000 0 217.000000 193.000000 0 215.000000 194.000000 0 217.000000 194.000000 0 217.000000 195.000000
00002 10 0 208.000000 93.000000 0 218.000000 195.000000 0 213.000000 96.000000 0 214.000000 93.000000 0 215.000000 93.000000 0 215.000000 92.000000 0 209.000000 184.000000 0 210.000000 186.000000 0 221.000000 100.000000 0 73.000000 120.000000
00003 10 0 210.000000 89.000000 0 215.000000 96.000000 0 217.000000 192.000000 0 215.000000 90.000000 0 210.000000 95.000000 0 221.000000 194.000000 0 221.000000 193.000000 0 211.000000 182.000000 0 74.000000 117.000000 0 212.000000 188.000000
00004 10 0 208.000000 88.000000 0 213.000000 88.000000 0 216.000000 191.000000 0 210.000000 96.000000 0 216.000000 96.000000 0 210.000000 183.000000 0 211.000000 99.000000 0 221.000000 95.000000 0 72.000000 116.000000 0 221.000000 94.000000
00005 10 0 216.000000 197.000000 0 208.000000 93.000000 0 219.000000 197.000000 0 213.000000 94.000000 0 214.000000 99.000000 0 214.000000 100.000000 0 215.000000 100.000000 0 209.000000 99.000000 0 210.000000 186.000000 0 211.000000 192.000000
00006 10 0 206.000000 91.000000 0 216.000000 195.000000 0 212.000000 91.000000 0 212.000000 95.000000 0 212.000000 98.000000 0 207.000000 184.000000 0 207.000000 183.000000 0 70.000000 119.000000 0 70.000000 118.000000 0 19.000000 34.000000
00007 10 0 208.000000 89.000000 0 208.000000 90.000000 0 213.000000 91.000000 0 207.000000 94.000000 0 218.000000 191.000000 0 215.000000 193.000000 0 213.000000 95.000000 0 71.000000 117.000000 0 210.000000 96.000000 0 208.000000 183.000000
00008 10 0 208.000000 93.000000 0 214.000000 96.000000 0 220.000000 195.000000 0 216.000000 92.000000 0 215.000000 196.000000 0 209.000000 97.000000 0 210.000000 185.000000 0 79.000000 120.000000 0 222.000000 101.000000 0 211.000000 191.000000
00009 10 0 210.000000 92.000000 0 215.000000 95.000000 0 218.000000 196.000000 0 215.000000 92.000000 0 218.000000 93.000000 0 216.000000 100.000000 0 223.000000 101.000000 0 211.000000 185.000000 0 74.000000 120.000000 0 212.000000 191.000000
00010 10 0 207.000000 93.000000 0 213.000000 94.000000 0 219.000000 197.000000 0 216.000000 196.000000 0 210.000000 99.000000 0 209.000000 99.000000 0 219.000000 194.000000 0 214.000000 101.000000 0 208.000000 184.000000 0 72.000000 119.000000
00011 10 0 208.000000 93.000000 0 216.000000 197.000000 0 213.000000 94.000000 0 219.000000 197.000000 0 216.000000 92.000000 0 220.000000 197.000000 0 210.000000 186.000000 0 209.000000 184.000000 0 211.000000 192.000000 0 72.000000 120.000000
00012 10 0 209.000000 88.000000 0 214.000000 90.000000 0 218.000000 191.000000 0 209.000000 93.000000 0 216.000000 87.000000 0 210.000000 180.000000 0 216.000000 99.000000 0 213.000000 200.000000 0 211.000000 187.000000 0 94.000000 87.000000
00013 10 0 209.000000 93.000000 0 210.000000 93.000000 0 221.000000 196.000000 0 217.000000 197.000000 0 216.000000 96.000000 0 215.000000 94.000000 0 215.000000 93.000000 0 215.000000 100.000000 0 210.000000 185.000000 0 74.000000 120.000000
00014 10 0 206.000000 91.000000 0 207.000000 88.000000 0 206.000000 96.000000 0 212.000000 96.000000 0 213.000000 195.000000 0 216.000000 195.000000 0 211.000000 93.000000 0 218.000000 192.000000 0 215.000000 98.000000 0 212.000000 99.000000
00015 10 0 210.000000 91.000000 0 210.000000 87.000000 0 215.000000 89.000000 0 214.000000 89.000000 0 215.000000 92.000000 0 218.000000 192.000000 0 217.000000 192.000000 0 218.000000 193.000000 0 221.000000 192.000000 0 221.000000 193.000000
00016 10 0 210.000000 88.000000 0 210.000000 91.000000 0 210.000000 90.000000 0 210.000000 92.000000 0 210.000000 89.000000 0 215.000000 98.000000 0 216.000000 92.000000 0 219.000000 194.000000 0 211.000000 184.000000 0 210.000000 98.000000
00017 10 0 207.000000 89.000000 0 218.000000 193.000000 0 217.000000 193.000000 0 215.000000 92.000000 0 216.000000 88.000000 0 212.000000 91.000000 0 208.000000 95.000000 0 213.000000 96.000000 0 208.000000 183.000000 0 71.000000 116.000000
00018 10 0 210.000000 88.000000 0 210.000000 96.000000 0 221.000000 193.000000 0 217.000000 92.000000 0 214.000000 91.000000 0 215.000000 87.000000 0 213.000000 94.000000 0 217.000000 96.000000 0 216.000000 96.000000 0 211.000000 183.000000
00019 10 0 208.000000 92.000000 0 215.000000 96.000000 0 219.000000 195.000000 0 216.000000 197.000000 0 212.000000 103.000000 0 73.000000 120.000000 0 221.000000 74.000000 0 210.000000 186.000000 0 93.000000 91.000000 0 211.000000 191.000000
00020 10 0 209.000000 92.000000 0 210.000000 97.000000 0 214.000000 95.000000 0 218.000000 197.000000 0 221.000000 197.000000 0 211.000000 185.000000 0 212.000000 102.000000 0 212.000000 103.000000 0 223.000000 100.000000 0 95.000000 90.000000
00021 10 0 207.000000 91.000000 0 215.000000 96.000000 0 215.000000 196.000000 0 212.000000 96.000000 0 213.000000 93.000000 0 219.000000 196.000000 0 218.000000 196.000000 0 208.000000 185.000000 0 220.000000 99.000000 0 72.000000 120.000000
00022 10 0 210.000000 92.000000 0 215.000000 95.000000 0 219.000000 195.000000 0 223.000000 195.000000 0 218.000000 96.000000 0 210.000000 97.000000 0 218.000000 95.000000 0 221.000000 192.000000 0 212.000000 184.000000 0 218.000000 91.000000
00023 10 0 207.000000 91.000000 0 218.000000 196.000000 0 216.000000 95.000000 0 213.000000 95.000000 0 214.000000 197.000000 0 208.000000 183.000000 0 213.000000 101.000000 0 210.000000 101.000000 0 71.000000 120.000000 0 92.000000 90.000000
00024 10 0 209.000000 92.000000 0 220.000000 197.000000 0 208.000000 97.000000 0 215.000000 196.000000 0 214.000000 95.000000 0 215.000000 101.000000 0 215.000000 100.000000 0 214.000000 92.000000 0 212.000000 103.000000 0 221.000000 98.000000
00025 10 0 208.000000 91.000000 0 208.000000 92.000000 0 216.000000 197.000000 0 213.000000 95.000000 0 218.000000 194.000000 0 216.000000 94.000000 0 214.000000 100.000000 0 208.000000 185.000000 0 220.000000 99.000000 0 72.000000 120.000000
00026 10 0 208.000000 93.000000 0 208.000000 92.000000 0 218.000000 197.000000 0 213.000000 94.000000 0 216.000000 95.000000 0 214.000000 94.000000 0 209.000000 186.000000 0 216.000000 99.000000 0 216.000000 98.000000 0 221.000000 100.000000
00027 10 0 210.000000 89.000000 0 210.000000 90.000000 0 221.000000 193.000000 0 210.000000 94.000000 0 216.000000 91.000000 0 216.000000 96.000000 0 211.000000 181.000000 0 223.000000 96.000000 0 213.000000 187.000000 0 96.000000 88.000000
00028 10 0 207.000000 87.000000 0 218.000000 193.000000 0 217.000000 193.000000 0 215.000000 87.000000 0 212.000000 92.000000 0 214.000000 96.000000 0 213.000000 96.000000 0 214.000000 193.000000 0 216.000000 93.000000 0 216.000000 92.000000
00029 10 0 206.000000 91.000000 0 211.000000 93.000000 0 214.000000 95.000000 0 218.000000 194.000000 0 218.000000 195.000000 0 214.000000 195.000000 0 207.000000 184.000000 0 220.000000 99.000000 0 70.000000 119.000000 0 208.000000 190.000000
00030 10 0 210.000000 90.000000 0 210.000000 89.000000 0 220.000000 192.000000 0 215.000000 90.000000 0 210.000000 95.000000 0 218.000000 90.000000 0 74.000000 117.000000 0 211.000000 182.000000 0 213.000000 100.000000 0 213.000000 189.000000
00031 10 0 208.000000 93.000000 0 208.000000 92.000000 0 214.000000 96.000000 0 218.000000 197.000000 0 219.000000 197.000000 0 220.000000 194.000000 0 217.000000 98.000000 0 210.000000 186.000000 0 210.000000 185.000000 0 94.000000 90.000000
00032 10 0 208.000000 93.000000 0 220.000000 196.000000 0 208.000000 89.000000 0 215.000000 95.000000 0 215.000000 98.000000 0 72.000000 121.000000 0 210.000000 186.000000 0 221.000000 100.000000 0 211.000000 103.000000 0 79.000000 120.000000
00033 10 0 208.000000 93.000000 0 218.000000 197.000000 0 213.000000 94.000000 0 213.000000 93.000000 0 216.000000 93.000000 0 213.000000 100.000000 0 213.000000 99.000000 0 211.000000 104.000000 0 208.000000 185.000000 0 216.000000 103.000000
00034 10 0 210.000000 88.000000 0 210.000000 89.000000 0 221.000000 193.000000 0 221.000000 192.000000 0 217.000000 91.000000 0 217.000000 90.000000 0 74.000000 117.000000 0 216.000000 96.000000 0 216.000000 87.000000 0 96.000000 87.000000
00035 10 0 210.000000 89.000000 0 210.000000 88.000000 0 215.000000 92.000000 0 215.000000 91.000000 0 221.000000 194.000000 0 221.000000 195.000000 0 215.000000 98.000000 0 212.000000 183.000000 0 223.000000 95.000000 0 74.000000 119.000000
00036 10 0 207.000000 90.000000 0 218.000000 193.000000 0 215.000000 194.000000 0 213.000000 91.000000 0 208.000000 95.000000 0 214.000000 87.000000 0 213.000000 96.000000 0 208.000000 181.000000 0 211.000000 100.000000 0 72.000000 117.000000
00037 10 0 207.000000 92.000000 0 216.000000 197.000000 0 218.000000 194.000000 0 212.000000 93.000000 0 215.000000 96.000000 0 212.000000 94.000000 0 213.000000 99.000000 0 71.000000 119.000000 0 207.000000 184.000000 0 219.000000 99.000000
00038 10 0 208.000000 90.000000 0 218.000000 192.000000 0 217.000000 192.000000 0 218.000000 193.000000 0 213.000000 90.000000 0 213.000000 89.000000 0 214.000000 95.000000 0 213.000000 95.000000 0 207.000000 95.000000 0 72.000000 117.000000
00039 10 0 208.000000 89.000000 0 215.000000 88.000000 0 218.000000 192.000000 0 217.000000 193.000000 0 211.000000 90.000000 0 212.000000 90.000000 0 212.000000 89.000000 0 211.000000 89.000000 0 212.000000 96.000000 0 208.000000 181.000000
00040 10 0 207.000000 87.000000 0 206.000000 90.000000 0 207.000000 91.000000 0 207.000000 90.000000 0 216.000000 194.000000 0 213.000000 92.000000 0 217.000000 191.000000 0 213.000000 195.000000 0 210.000000 95.000000 0 213.000000 96.000000
00041 10 0 210.000000 89.000000 0 215.000000 96.000000 0 210.000000 94.000000 0 221.000000 192.000000 0 215.000000 90.000000 0 217.000000 194.000000 0 218.000000 93.000000 0 210.000000 180.000000 0 212.000000 188.000000 0 223.000000 96.000000
00042 10 0 210.000000 93.000000 0 221.000000 196.000000 0 215.000000 93.000000 0 217.000000 197.000000 0 210.000000 184.000000 0 73.000000 120.000000 0 74.000000 120.000000 0 221.000000 98.000000 0 212.000000 191.000000 0 93.000000 92.000000
00043 10 0 206.000000 90.000000 0 215.000000 96.000000 0 206.000000 95.000000 0 207.000000 95.000000 0 214.000000 194.000000 0 215.000000 193.000000 0 219.000000 192.000000 0 212.000000 92.000000 0 212.000000 91.000000 0 215.000000 91.000000
00044 10 0 210.000000 91.000000 0 210.000000 90.000000 0 210.000000 89.000000 0 210.000000 88.000000 0 216.000000 97.000000 0 219.000000 194.000000 0 216.000000 92.000000 0 212.000000 183.000000 0 221.000000 96.000000 0 96.000000 87.000000
00045 10 0 210.000000 90.000000 0 218.000000 194.000000 0 215.000000 93.000000 0 221.000000 192.000000 0 214.000000 90.000000 0 74.000000 117.000000 0 221.000000 95.000000 0 212.000000 188.000000 0 211.000000 181.000000 0 211.000000 182.000000
00046 10 0 207.000000 87.000000 0 208.000000 88.000000 0 215.000000 193.000000 0 213.000000 91.000000 0 219.000000 192.000000 0 209.000000 96.000000 0 215.000000 86.000000 0 214.000000 86.000000 0 71.000000 116.000000 0 220.000000 95.000000
00047 10 0 207.000000 92.000000 0 216.000000 197.000000 0 220.000000 195.000000 0 216.000000 92.000000 0 208.000000 185.000000 0 210.000000 103.000000 0 72.000000 121.000000 0 221.000000 101.000000 0 93.000000 89.000000 0 210.000000 192.000000
00048 10 0 207.000000 89.000000 0 207.000000 90.000000 0 219.000000 193.000000 0 212.000000 90.000000 0 215.000000 194.000000 0 213.000000 97.000000 0 213.000000 96.000000 0 207.000000 96.000000 0 208.000000 183.000000 0 70.000000 117.000000
00049 10 0 207.000000 92.000000 0 214.000000 196.000000 0 215.000000 196.000000 0 212.000000 93.000000 0 213.000000 97.000000 0 211.000000 101.000000 0 208.000000 184.000000 0 71.000000 119.000000 0 92.000000 90.000000 0 220.000000 99.000000
00050 10 0 210.000000 88.000000 0 216.000000 90.000000 0 221.000000 193.000000 0 213.000000 91.000000 0 210.000000 94.000000 0 217.000000 95.000000 0 214.000000 94.000000 0 74.000000 116.000000 0 210.000000 180.000000 0 211.000000 183.000000
