00001 10 0 255.000000 14.000000 0 253.000000 13.000000 0 254.000000 14.000000 0 251.000000 10.000000 0 244.000000 48.000000 0 254.000000 138.000000 0 243.000000 43.000000 0 245.000000 52.000000 0 255.000000 141.000000 0 253.000000 97.000000
00002 10 0 252.000000 13.000000 0 251.000000 12.000000 0 255.000000 16.000000 0 247.000000 23.000000 0 243.000000 47.000000 0 245.000000 53.000000 0 248.000000 114.000000 0 255.000000 101.000000 0 247.000000 103.000000 0 255.000000 141.000000
00003 10 0 252.000000 13.000000 0 253.000000 14.000000 0 244.000000 49.000000 0 244.000000 48.000000 0 254.000000 141.000000 0 242.000000 45.000000 0 245.000000 22.000000 0 248.000000 103.000000 0 245.000000 23.000000 0 250.000000 42.000000
00004 10 0 253.000000 13.000000 0 253.000000 14.000000 0 250.000000 10.000000 0 252.000000 136.000000 0 253.000000 140.000000 0 253.000000 139.000000 0 254.000000 140.000000 0 242.000000 44.000000 0 242.000000 43.000000 0 247.000000 103.000000
00005 10 0 254.000000 12.000000 0 255.000000 13.000000 0 254.000000 13.000000 0 248.000000 101.000000 0 255.000000 138.000000 0 255.000000 98.000000 0 244.000000 43.000000 0 247.000000 21.000000 0 244.000000 47.000000 0 255.000000 141.000000
00006 10 0 252.000000 12.000000 0 245.000000 21.000000 0 243.000000 44.000000 0 245.000000 51.000000 0 255.000000 139.000000 0 244.000000 48.000000 0 248.000000 101.000000 0 252.000000 135.000000 0 252.000000 94.000000 0 252.000000 42.000000
00007 10 0 252.000000 12.000000 0 252.000000 11.000000 0 246.000000 21.000000 0 245.000000 51.000000 0 252.000000 95.000000 0 243.000000 43.000000 0 244.000000 48.000000 0 255.000000 140.000000 0 243.000000 44.000000 0 253.000000 136.000000
00008 10 0 252.000000 13.000000 0 250.000000 10.000000 0 242.000000 42.000000 0 242.000000 43.000000 0 243.000000 46.000000 0 252.000000 96.000000 0 242.000000 44.000000 0 242.000000 41.000000 0 243.000000 47.000000 0 243.000000 45.000000
00009 10 0 253.000000 12.000000 0 245.000000 45.000000 0 245.000000 47.000000 0 245.000000 46.000000 0 247.000000 21.000000 0 247.000000 52.000000 0 255.000000 133.000000 0 254.000000 95.000000 0 255.000000 96.000000 0 251.000000 119.000000
00010 10 0 253.000000 15.000000 0 245.000000 22.000000 0 245.000000 23.000000 0 243.000000 48.000000 0 243.000000 49.000000 0 247.000000 114.000000 0 252.000000 96.000000 0 248.000000 103.000000 0 253.000000 139.000000 0 246.000000 104.000000
00011 10 0 253.000000 15.000000 0 250.000000 11.000000 0 253.000000 139.000000 0 243.000000 48.000000 0 242.000000 45.000000 0 242.000000 44.000000 0 245.000000 22.000000 0 252.000000 96.000000 0 252.000000 134.000000 0 247.000000 103.000000
00012 10 0 255.000000 15.000000 0 252.000000 11.000000 0 245.000000 48.000000 0 255.000000 140.000000 0 255.000000 101.000000 0 253.000000 96.000000 0 248.000000 23.000000 0 244.000000 45.000000 0 244.000000 44.000000 0 247.000000 54.000000
00013 10 0 251.000000 11.000000 0 243.000000 44.000000 0 245.000000 21.000000 0 253.000000 99.000000 0 243.000000 45.000000 0 245.000000 52.000000 0 252.000000 136.000000 0 253.000000 138.000000 0 232.000000 111.000000 0 253.000000 133.000000
00014 10 0 255.000000 16.000000 0 254.000000 15.000000 0 248.000000 163.000000 0 254.000000 140.000000 0 247.000000 103.000000 0 255.000000 99.000000 0 248.000000 103.000000 0 247.000000 104.000000 0 244.000000 48.000000 0 244.000000 45.000000
00015 10 0 254.000000 12.000000 0 252.000000 8.000000 0 245.000000 48.000000 0 255.000000 140.000000 0 254.000000 136.000000 0 247.000000 21.000000 0 247.000000 101.000000 0 249.000000 110.000000 0 245.000000 45.000000 0 254.000000 95.000000
00016 10 0 253.000000 12.000000 0 252.000000 11.000000 0 255.000000 13.000000 0 254.000000 13.000000 0 253.000000 96.000000 0 244.000000 47.000000 0 255.000000 139.000000 0 255.000000 140.000000 0 247.000000 101.000000 0 253.000000 133.000000
00017 10 0 255.000000 16.000000 0 245.000000 48.000000 0 246.000000 53.000000 0 254.000000 139.000000 0 246.000000 23.000000 0 248.000000 103.000000 0 254.000000 136.000000 0 252.000000 44.000000 0 255.000000 99.000000 0 255.000000 142.000000
00018 10 0 255.000000 15.000000 0 252.000000 12.000000 0 248.000000 103.000000 0 255.000000 99.000000 0 244.000000 44.000000 0 247.000000 23.000000 0 244.000000 45.000000 0 250.000000 120.000000 0 249.000000 120.000000 0 255.000000 103.000000
00019 10 0 255.000000 15.000000 0 253.000000 12.000000 0 255.000000 139.000000 0 254.000000 135.000000 0 255.000000 135.000000 0 244.000000 44.000000 0 245.000000 48.000000 0 247.000000 101.000000 0 247.000000 53.000000 0 253.000000 96.000000
00020 10 0 252.000000 12.000000 0 251.000000 11.000000 0 243.000000 45.000000 0 243.000000 44.000000 0 254.000000 140.000000 0 253.000000 97.000000 0 245.000000 21.000000 0 245.000000 51.000000 0 244.000000 51.000000 0 252.000000 94.000000
00021 10 0 253.000000 15.000000 0 251.000000 11.000000 0 248.000000 103.000000 0 245.000000 53.000000 0 243.000000 45.000000 0 254.000000 140.000000 0 254.000000 139.000000 0 244.000000 48.000000 0 232.000000 111.000000 0 247.000000 23.000000
00022 10 0 252.000000 12.000000 0 253.000000 13.000000 0 251.000000 9.000000 0 244.000000 48.000000 0 253.000000 138.000000 0 245.000000 51.000000 0 254.000000 137.000000 0 254.000000 138.000000 0 253.000000 137.000000 0 251.000000 42.000000
00023 10 0 252.000000 13.000000 0 243.000000 48.000000 0 243.000000 45.000000 0 254.000000 101.000000 0 252.000000 135.000000 0 254.000000 141.000000 0 253.000000 97.000000 0 253.000000 98.000000 0 253.000000 138.000000 0 246.000000 103.000000
00024 10 0 251.000000 10.000000 0 253.000000 139.000000 0 245.000000 21.000000 0 252.000000 134.000000 0 253.000000 133.000000 0 252.000000 135.000000 0 243.000000 43.000000 0 243.000000 45.000000 0 243.000000 48.000000 0 243.000000 44.000000
00025 10 0 254.000000 15.000000 0 245.000000 49.000000 0 246.000000 22.000000 0 247.000000 22.000000 0 255.000000 100.000000 0 255.000000 101.000000 0 248.000000 160.000000 0 248.000000 53.000000 0 247.000000 103.000000 0 247.000000 104.000000
00026 10 0 253.000000 15.000000 0 245.000000 53.000000 0 247.000000 104.000000 0 245.000000 23.000000 0 253.000000 139.000000 0 243.000000 46.000000 0 243.000000 45.000000 0 243.000000 47.000000 0 248.000000 164.000000 0 251.000000 43.000000
00027 10 0 255.000000 13.000000 0 252.000000 9.000000 0 252.000000 10.000000 0 245.000000 47.000000 0 255.000000 139.000000 0 255.000000 101.000000 0 244.000000 42.000000 0 246.000000 21.000000 0 247.000000 100.000000 0 250.000000 111.000000
00028 10 0 252.000000 13.000000 0 250.000000 10.000000 0 243.000000 48.000000 0 252.000000 135.000000 0 242.000000 42.000000 0 242.000000 41.000000 0 245.000000 52.000000 0 252.000000 96.000000 0 245.000000 101.000000 0 247.000000 114.000000
00029 10 0 252.000000 13.000000 0 243.000000 48.000000 0 245.000000 21.000000 0 243.000000 45.000000 0 243.000000 44.000000 0 248.000000 163.000000 0 253.000000 138.000000 0 244.000000 51.000000 0 247.000000 103.000000 0 253.000000 95.000000
00030 10 0 253.000000 12.000000 0 245.000000 48.000000 0 254.000000 139.000000 0 253.000000 96.000000 0 247.000000 96.000000 0 248.000000 103.000000 0 234.000000 112.000000 0 247.000000 53.000000 0 251.000000 120.000000 0 248.000000 160.000000
00031 10 0 253.000000 15.000000 0 254.000000 15.000000 0 251.000000 12.000000 0 247.000000 23.000000 0 245.000000 53.000000 0 243.000000 46.000000 0 243.000000 45.000000 0 244.000000 49.000000 0 255.000000 141.000000 0 247.000000 104.000000
00032 10 0 251.000000 12.000000 0 252.000000 13.000000 0 243.000000 47.000000 0 254.000000 140.000000 0 245.000000 101.000000 0 245.000000 21.000000 0 245.000000 22.000000 0 247.000000 112.000000 0 246.000000 104.000000 0 244.000000 52.000000
00033 10 0 255.000000 13.000000 0 252.000000 10.000000 0 255.000000 140.000000 0 255.000000 136.000000 0 247.000000 21.000000 0 246.000000 21.000000 0 244.000000 44.000000 0 245.000000 48.000000 0 253.000000 95.000000 0 253.000000 96.000000
00034 10 0 253.000000 15.000000 0 245.000000 53.000000 0 248.000000 112.000000 0 242.000000 43.000000 0 243.000000 48.000000 0 245.000000 23.000000 0 253.000000 139.000000 0 252.000000 134.000000 0 253.000000 98.000000 0 248.000000 103.000000
00035 10 0 255.000000 13.000000 0 252.000000 10.000000 0 247.000000 21.000000 0 245.000000 48.000000 0 255.000000 139.000000 0 245.000000 45.000000 0 245.000000 44.000000 0 247.000000 101.000000 0 252.000000 40.000000 0 253.000000 95.000000
00036 10 0 252.000000 13.000000 0 243.000000 45.000000 0 253.000000 139.000000 0 243.000000 48.000000 0 248.000000 103.000000 0 248.000000 163.000000 0 255.000000 143.000000 0 245.000000 21.000000 0 252.000000 96.000000 0 232.000000 112.000000
00037 10 0 253.000000 12.000000 0 255.000000 15.000000 0 245.000000 48.000000 0 245.000000 44.000000 0 244.000000 44.000000 0 247.000000 22.000000 0 245.000000 45.000000 0 247.000000 101.000000 0 255.000000 137.000000 0 255.000000 138.000000
00038 10 0 255.000000 14.000000 0 252.000000 10.000000 0 247.000000 101.000000 0 245.000000 48.000000 0 245.000000 44.000000 0 255.000000 138.000000 0 255.000000 135.000000 0 247.000000 21.000000 0 255.000000 95.000000 0 250.000000 111.000000
00039 10 0 253.000000 14.000000 0 250.000000 10.000000 0 243.000000 46.000000 0 243.000000 47.000000 0 245.000000 22.000000 0 244.000000 52.000000 0 253.000000 139.000000 0 253.000000 99.000000 0 254.000000 100.000000 0 232.000000 111.000000
00040 10 0 252.000000 12.000000 0 253.000000 136.000000 0 244.000000 48.000000 0 246.000000 21.000000 0 245.000000 51.000000 0 247.000000 21.000000 0 245.000000 52.000000 0 255.000000 141.000000 0 255.000000 140.000000 0 243.000000 44.000000
00041 10 0 255.000000 16.000000 0 253.000000 13.000000 0 254.000000 15.000000 0 245.000000 48.000000 0 253.000000 96.000000 0 254.000000 96.000000 0 255.000000 140.000000 0 255.000000 139.000000 0 248.000000 23.000000 0 247.000000 23.000000
00042 10 0 253.000000 14.000000 0 254.000000 15.000000 0 253.000000 13.000000 0 247.000000 23.000000 0 253.000000 136.000000 0 245.000000 48.000000 0 254.000000 136.000000 0 247.000000 53.000000 0 255.000000 98.000000 0 248.000000 103.000000
00043 10 0 254.000000 15.000000 0 253.000000 15.000000 0 255.000000 141.000000 0 255.000000 142.000000 0 243.000000 47.000000 0 253.000000 136.000000 0 245.000000 23.000000 0 245.000000 53.000000 0 232.000000 111.000000 0 248.000000 103.000000
00044 10 0 251.000000 11.000000 0 255.000000 141.000000 0 242.000000 43.000000 0 242.000000 45.000000 0 242.000000 44.000000 0 253.000000 138.000000 0 252.000000 95.000000 0 252.000000 135.000000 0 245.000000 21.000000 0 244.000000 21.000000
00045 10 0 253.000000 15.000000 0 250.000000 10.000000 0 243.000000 47.000000 0 255.000000 141.000000 0 245.000000 23.000000 0 252.000000 137.000000 0 254.000000 101.000000 0 248.000000 103.000000 0 255.000000 101.000000 0 246.000000 104.000000
00046 10 0 253.000000 15.000000 0 254.000000 15.000000 0 246.000000 23.000000 0 255.000000 141.000000 0 244.000000 46.000000 0 244.000000 49.000000 0 253.000000 136.000000 0 244.000000 47.000000 0 245.000000 53.000000 0 246.000000 53.000000
00047 10 0 251.000000 11.000000 0 252.000000 12.000000 0 255.000000 141.000000 0 245.000000 21.000000 0 248.000000 112.000000 0 253.000000 135.000000 0 251.000000 42.000000 0 243.000000 43.000000 0 245.000000 51.000000 0 245.000000 52.000000
00048 10 0 252.000000 13.000000 0 243.000000 45.000000 0 243.000000 46.000000 0 252.000000 135.000000 0 245.000000 22.000000 0 245.000000 21.000000 0 248.000000 103.000000 0 247.000000 103.000000 0 232.000000 239.000000 0 254.000000 141.000000
00049 10 0 251.000000 12.000000 0 253.000000 15.000000 0 255.000000 16.000000 0 243.000000 47.000000 0 252.000000 135.000000 0 253.000000 139.000000 0 245.000000 53.000000 0 252.000000 96.000000 0 255.000000 103.000000 0 255.000000 102.000000
00050 10 0 253.000000 14.000000 0 253.000000 15.000000 0 250.000000 11.000000 0 245.000000 21.000000 0 243.000000 48.000000 0 244.000000 48.000000 0 253.000000 138.000000 0 255.000000 141.000000 0 254.000000 141.000000 0 245.000000 101.000000
