00001 10 0 3.000000 248.000000 0 4.000000 252.000000 0 3.000000 252.000000 0 207.000000 247.000000 0 229.000000 254.000000 0 213.000000 247.000000 0 8.000000 253.000000 0 7.000000 255.000000 0 12.000000 253.000000 0 2.000000 239.000000
00002 10 0 3.000000 247.000000 0 207.000000 247.000000 0 213.000000 246.000000 0 229.000000 254.000000 0 8.000000 253.000000 0 3.000000 252.000000 0 4.000000 252.000000 0 12.000000 253.000000 0 200.000000 247.000000 0 0.000000 240.000000
00003 10 0 3.000000 248.000000 0 213.000000 246.000000 0 229.000000 254.000000 0 207.000000 247.000000 0 0.000000 239.000000 0 3.000000 253.000000 0 4.000000 253.000000 0 11.000000 253.000000 0 8.000000 253.000000 0 226.000000 242.000000
00004 10 0 3.000000 248.000000 0 3.000000 245.000000 0 229.000000 254.000000 0 213.000000 246.000000 0 8.000000 253.000000 0 207.000000 247.000000 0 11.000000 252.000000 0 8.000000 252.000000 0 2.000000 252.000000 0 3.000000 252.000000
00005 10 0 3.000000 246.000000 0 229.000000 254.000000 0 207.000000 247.000000 0 213.000000 246.000000 0 8.000000 252.000000 0 3.000000 252.000000 0 8.000000 255.000000 0 11.000000 252.000000 0 0.000000 236.000000 0 0.000000 240.000000
00006 10 0 2.000000 246.000000 0 3.000000 248.000000 0 3.000000 246.000000 0 207.000000 247.000000 0 230.000000 255.000000 0 229.000000 255.000000 0 213.000000 246.000000 0 3.000000 252.000000 0 4.000000 252.000000 0 12.000000 253.000000
00007 10 0 3.000000 248.000000 0 2.000000 246.000000 0 207.000000 247.000000 0 8.000000 253.000000 0 229.000000 254.000000 0 4.000000 252.000000 0 3.000000 252.000000 0 213.000000 246.000000 0 200.000000 247.000000 0 226.000000 242.000000
00008 10 0 3.000000 247.000000 0 207.000000 247.000000 0 229.000000 254.000000 0 12.000000 253.000000 0 0.000000 239.000000 0 213.000000 246.000000 0 8.000000 253.000000 0 3.000000 252.000000 0 4.000000 252.000000 0 226.000000 243.000000
00009 10 0 2.000000 247.000000 0 2.000000 248.000000 0 229.000000 254.000000 0 207.000000 247.000000 0 213.000000 246.000000 0 8.000000 252.000000 0 12.000000 253.000000 0 3.000000 252.000000 0 226.000000 242.000000 0 0.000000 239.000000
00010 10 0 3.000000 247.000000 0 229.000000 255.000000 0 207.000000 247.000000 0 0.000000 247.000000 0 3.000000 252.000000 0 4.000000 252.000000 0 213.000000 246.000000 0 8.000000 253.000000 0 0.000000 239.000000 0 210.000000 246.000000
00011 10 0 3.000000 248.000000 0 3.000000 246.000000 0 2.000000 247.000000 0 2.000000 248.000000 0 2.000000 246.000000 0 229.000000 254.000000 0 207.000000 247.000000 0 8.000000 253.000000 0 4.000000 252.000000 0 3.000000 252.000000
00012 10 0 3.000000 247.000000 0 212.000000 245.000000 0 207.000000 247.000000 0 229.000000 255.000000 0 4.000000 252.000000 0 3.000000 252.000000 0 7.000000 253.000000 0 0.000000 252.000000 0 0.000000 239.000000 0 9.000000 249.000000
00013 10 0 3.000000 248.000000 0 231.000000 255.000000 0 207.000000 247.000000 0 212.000000 245.000000 0 4.000000 252.000000 0 3.000000 252.000000 0 8.000000 253.000000 0 12.000000 253.000000 0 0.000000 239.000000 0 226.000000 242.000000
00014 10 0 3.000000 248.000000 0 229.000000 255.000000 0 213.000000 246.000000 0 207.000000 247.000000 0 8.000000 253.000000 0 12.000000 253.000000 0 3.000000 252.000000 0 0.000000 239.000000 0 200.000000 247.000000 0 3.000000 239.000000
00015 10 0 3.000000 248.000000 0 207.000000 247.000000 0 8.000000 253.000000 0 229.000000 254.000000 0 230.000000 254.000000 0 213.000000 246.000000 0 11.000000 253.000000 0 12.000000 253.000000 0 1.000000 239.000000 0 226.000000 242.000000
00016 10 0 2.000000 248.000000 0 229.000000 255.000000 0 213.000000 246.000000 0 207.000000 247.000000 0 2.000000 253.000000 0 8.000000 253.000000 0 0.000000 239.000000 0 12.000000 253.000000 0 200.000000 247.000000 0 226.000000 242.000000
00017 10 0 2.000000 248.000000 0 3.000000 248.000000 0 229.000000 255.000000 0 8.000000 253.000000 0 213.000000 246.000000 0 207.000000 247.000000 0 0.000000 239.000000 0 12.000000 253.000000 0 200.000000 247.000000 0 9.000000 249.000000
00018 10 0 3.000000 248.000000 0 2.000000 248.000000 0 207.000000 247.000000 0 213.000000 246.000000 0 229.000000 254.000000 0 8.000000 253.000000 0 11.000000 252.000000 0 8.000000 252.000000 0 0.000000 239.000000 0 200.000000 247.000000
00019 10 0 2.000000 247.000000 0 207.000000 247.000000 0 3.000000 252.000000 0 213.000000 246.000000 0 8.000000 253.000000 0 230.000000 255.000000 0 0.000000 239.000000 0 200.000000 247.000000 0 9.000000 249.000000 0 225.000000 242.000000
00020 10 0 3.000000 248.000000 0 207.000000 247.000000 0 229.000000 255.000000 0 213.000000 246.000000 0 3.000000 252.000000 0 12.000000 253.000000 0 11.000000 252.000000 0 10.000000 252.000000 0 2.000000 239.000000 0 226.000000 242.000000
00021 10 0 1.000000 248.000000 0 2.000000 248.000000 0 2.000000 246.000000 0 207.000000 247.000000 0 229.000000 255.000000 0 213.000000 246.000000 0 3.000000 252.000000 0 12.000000 253.000000 0 8.000000 253.000000 0 226.000000 243.000000
00022 10 0 207.000000 247.000000 0 3.000000 248.000000 0 229.000000 255.000000 0 214.000000 246.000000 0 215.000000 246.000000 0 12.000000 253.000000 0 212.000000 246.000000 0 213.000000 246.000000 0 4.000000 252.000000 0 3.000000 252.000000
00023 10 0 3.000000 246.000000 0 0.000000 239.000000 0 213.000000 246.000000 0 207.000000 247.000000 0 231.000000 255.000000 0 9.000000 252.000000 0 10.000000 252.000000 0 8.000000 252.000000 0 200.000000 247.000000 0 3.000000 240.000000
00024 10 0 3.000000 247.000000 0 229.000000 255.000000 0 213.000000 246.000000 0 207.000000 247.000000 0 8.000000 252.000000 0 8.000000 253.000000 0 2.000000 252.000000 0 3.000000 252.000000 0 1.000000 239.000000 0 226.000000 242.000000
00025 10 0 3.000000 248.000000 0 2.000000 247.000000 0 2.000000 246.000000 0 207.000000 247.000000 0 229.000000 254.000000 0 213.000000 246.000000 0 11.000000 253.000000 0 7.000000 253.000000 0 0.000000 236.000000 0 2.000000 239.000000
00026 10 0 2.000000 247.000000 0 3.000000 248.000000 0 207.000000 247.000000 0 229.000000 255.000000 0 8.000000 253.000000 0 213.000000 246.000000 0 0.000000 239.000000 0 3.000000 239.000000 0 12.000000 253.000000 0 200.000000 247.000000
00027 10 0 4.000000 248.000000 0 3.000000 248.000000 0 2.000000 248.000000 0 3.000000 245.000000 0 8.000000 253.000000 0 229.000000 254.000000 0 213.000000 246.000000 0 4.000000 253.000000 0 208.000000 246.000000 0 200.000000 247.000000
00028 10 0 3.000000 247.000000 0 3.000000 248.000000 0 2.000000 247.000000 0 207.000000 247.000000 0 230.000000 255.000000 0 213.000000 246.000000 0 229.000000 255.000000 0 8.000000 253.000000 0 200.000000 247.000000 0 3.000000 252.000000
00029 10 0 2.000000 248.000000 0 207.000000 247.000000 0 229.000000 255.000000 0 2.000000 253.000000 0 2.000000 252.000000 0 3.000000 252.000000 0 213.000000 246.000000 0 8.000000 252.000000 0 8.000000 255.000000 0 10.000000 252.000000
00030 10 0 3.000000 247.000000 0 3.000000 246.000000 0 229.000000 255.000000 0 208.000000 247.000000 0 8.000000 253.000000 0 213.000000 246.000000 0 2.000000 239.000000 0 200.000000 247.000000 0 226.000000 242.000000 0 10.000000 249.000000
00031 10 0 2.000000 248.000000 0 3.000000 247.000000 0 207.000000 247.000000 0 229.000000 255.000000 0 230.000000 255.000000 0 213.000000 246.000000 0 0.000000 239.000000 0 8.000000 253.000000 0 12.000000 253.000000 0 3.000000 252.000000
00032 10 0 2.000000 247.000000 0 207.000000 247.000000 0 213.000000 246.000000 0 229.000000 254.000000 0 3.000000 252.000000 0 0.000000 239.000000 0 200.000000 247.000000 0 10.000000 252.000000 0 11.000000 252.000000 0 226.000000 243.000000
00033 10 0 3.000000 248.000000 0 2.000000 248.000000 0 3.000000 245.000000 0 207.000000 247.000000 0 229.000000 255.000000 0 213.000000 246.000000 0 4.000000 252.000000 0 3.000000 252.000000 0 10.000000 252.000000 0 12.000000 253.000000
00034 10 0 3.000000 246.000000 0 229.000000 255.000000 0 8.000000 253.000000 0 207.000000 247.000000 0 12.000000 253.000000 0 213.000000 246.000000 0 0.000000 236.000000 0 3.000000 252.000000 0 200.000000 247.000000 0 4.000000 252.000000
00035 10 0 2.000000 248.000000 0 3.000000 248.000000 0 229.000000 255.000000 0 207.000000 247.000000 0 3.000000 252.000000 0 213.000000 247.000000 0 213.000000 246.000000 0 0.000000 239.000000 0 9.000000 252.000000 0 8.000000 252.000000
00036 10 0 3.000000 248.000000 0 3.000000 245.000000 0 207.000000 247.000000 0 229.000000 255.000000 0 213.000000 246.000000 0 8.000000 253.000000 0 0.000000 240.000000 0 12.000000 253.000000 0 3.000000 252.000000 0 200.000000 247.000000
00037 10 0 2.000000 247.000000 0 3.000000 247.000000 0 229.000000 255.000000 0 207.000000 247.000000 0 8.000000 253.000000 0 212.000000 245.000000 0 12.000000 253.000000 0 213.000000 246.000000 0 0.000000 239.000000 0 212.000000 246.000000
00038 10 0 3.000000 246.000000 0 3.000000 247.000000 0 207.000000 247.000000 0 8.000000 253.000000 0 230.000000 255.000000 0 213.000000 246.000000 0 12.000000 253.000000 0 200.000000 247.000000 0 0.000000 239.000000 0 226.000000 242.000000
00039 10 0 3.000000 248.000000 0 207.000000 247.000000 0 213.000000 246.000000 0 12.000000 253.000000 0 3.000000 252.000000 0 4.000000 252.000000 0 229.000000 254.000000 0 230.000000 254.000000 0 8.000000 253.000000 0 0.000000 239.000000
00040 10 0 3.000000 247.000000 0 207.000000 247.000000 0 229.000000 255.000000 0 8.000000 253.000000 0 214.000000 247.000000 0 0.000000 237.000000 0 3.000000 240.000000 0 0.000000 240.000000 0 200.000000 247.000000 0 226.000000 242.000000
00041 10 0 3.000000 248.000000 0 229.000000 255.000000 0 207.000000 247.000000 0 213.000000 246.000000 0 3.000000 252.000000 0 12.000000 253.000000 0 8.000000 253.000000 0 3.000000 239.000000 0 0.000000 237.000000 0 226.000000 242.000000
00042 10 0 2.000000 247.000000 0 3.000000 247.000000 0 213.000000 246.000000 0 229.000000 254.000000 0 207.000000 247.000000 0 8.000000 253.000000 0 12.000000 253.000000 0 4.000000 252.000000 0 3.000000 252.000000 0 1.000000 239.000000
00043 10 0 3.000000 248.000000 0 207.000000 247.000000 0 213.000000 246.000000 0 4.000000 252.000000 0 3.000000 252.000000 0 229.000000 255.000000 0 8.000000 253.000000 0 230.000000 255.000000 0 12.000000 253.000000 0 3.000000 240.000000
00044 10 0 3.000000 248.000000 0 2.000000 248.000000 0 207.000000 247.000000 0 229.000000 255.000000 0 213.000000 246.000000 0 4.000000 252.000000 0 3.000000 252.000000 0 8.000000 253.000000 0 0.000000 239.000000 0 200.000000 247.000000
00045 10 0 3.000000 248.000000 0 230.000000 254.000000 0 207.000000 247.000000 0 213.000000 246.000000 0 3.000000 252.000000 0 8.000000 253.000000 0 2.000000 252.000000 0 0.000000 239.000000 0 200.000000 247.000000 0 12.000000 253.000000
00046 10 0 3.000000 247.000000 0 3.000000 252.000000 0 213.000000 247.000000 0 229.000000 255.000000 0 207.000000 247.000000 0 8.000000 253.000000 0 12.000000 253.000000 0 200.000000 247.000000 0 1.000000 239.000000 0 2.000000 239.000000
00047 10 0 3.000000 246.000000 0 207.000000 247.000000 0 213.000000 246.000000 0 212.000000 245.000000 0 229.000000 254.000000 0 230.000000 254.000000 0 229.000000 253.000000 0 12.000000 253.000000 0 8.000000 253.000000 0 0.000000 239.000000
00048 10 0 2.000000 248.000000 0 3.000000 252.000000 0 229.000000 255.000000 0 207.000000 247.000000 0 7.000000 253.000000 0 11.000000 252.000000 0 12.000000 253.000000 0 200.000000 247.000000 0 213.000000 246.000000 0 213.000000 245.000000
00049 10 0 3.000000 248.000000 0 207.000000 247.000000 0 3.000000 245.000000 0 229.000000 254.000000 0 0.000000 239.000000 0 8.000000 253.000000 0 213.000000 246.000000 0 213.000000 247.000000 0 12.000000 253.000000 0 0.000000 236.000000
00050 10 0 3.000000 248.000000 0 3.000000 245.000000 0 207.000000 247.000000 0 229.000000 255.000000 0 4.000000 252.000000 0 8.000000 253.000000 0 213.000000 246.000000 0 12.000000 253.000000 0 0.000000 239.000000 0 0.000000 236.000000
