00001 10 0 175.000000 157.000000 0 174.000000 157.000000 0 227.000000 153.000000 0 228.000000 159.000000 0 228.000000 153.000000 0 175.000000 162.000000 0 208.000000 231.000000 0 176.000000 161.000000 0 221.000000 127.000000 0 164.000000 192.000000
00002 10 0 174.000000 163.000000 0 227.000000 162.000000 0 173.000000 159.000000 0 228.000000 162.000000 0 107.000000 232.000000 0 67.000000 222.000000 0 207.000000 232.000000 0 95.000000 148.000000 0 67.000000 229.000000 0 156.000000 196.000000
00003 10 0 104.000000 232.000000 0 172.000000 156.000000 0 219.000000 127.000000 0 172.000000 160.000000 0 223.000000 159.000000 0 191.000000 215.000000 0 139.000000 192.000000 0 223.000000 154.000000 0 140.000000 197.000000 0 153.000000 191.000000
00004 10 0 231.000000 159.000000 0 230.000000 159.000000 0 176.000000 161.000000 0 176.000000 157.000000 0 176.000000 158.000000 0 158.000000 192.000000 0 223.000000 127.000000 0 215.000000 224.000000 0 160.000000 192.000000 0 158.000000 193.000000
00005 10 0 223.000000 125.000000 0 229.000000 158.000000 0 176.000000 155.000000 0 69.000000 218.000000 0 208.000000 227.000000 0 208.000000 228.000000 0 69.000000 217.000000 0 67.000000 218.000000 0 68.000000 218.000000 0 68.000000 217.000000
00006 10 0 175.000000 159.000000 0 231.000000 160.000000 0 224.000000 128.000000 0 211.000000 231.000000 0 111.000000 189.000000 0 111.000000 190.000000 0 103.000000 232.000000 0 58.000000 0.000000 0 231.000000 154.000000 0 112.000000 195.000000
00007 10 0 175.000000 164.000000 0 55.000000 0.000000 0 174.000000 159.000000 0 173.000000 159.000000 0 229.000000 167.000000 0 228.000000 167.000000 0 229.000000 162.000000 0 67.000000 231.000000 0 231.000000 162.000000 0 230.000000 162.000000
00008 10 0 175.000000 156.000000 0 175.000000 157.000000 0 230.000000 151.000000 0 231.000000 151.000000 0 229.000000 151.000000 0 143.000000 195.000000 0 156.000000 191.000000 0 142.000000 195.000000 0 66.000000 220.000000 0 68.000000 227.000000
00009 10 0 56.000000 0.000000 0 56.000000 1.000000 0 174.000000 160.000000 0 208.000000 232.000000 0 175.000000 160.000000 0 227.000000 161.000000 0 176.000000 163.000000 0 228.000000 161.000000 0 48.000000 0.000000 0 227.000000 156.000000
00010 10 0 173.000000 159.000000 0 173.000000 156.000000 0 207.000000 229.000000 0 206.000000 228.000000 0 207.000000 228.000000 0 63.000000 220.000000 0 227.000000 157.000000 0 227.000000 158.000000 0 228.000000 157.000000 0 228.000000 158.000000
00011 10 0 175.000000 156.000000 0 176.000000 156.000000 0 175.000000 157.000000 0 176.000000 160.000000 0 67.000000 227.000000 0 68.000000 227.000000 0 211.000000 231.000000 0 228.000000 152.000000 0 216.000000 223.000000 0 216.000000 222.000000
00012 10 0 63.000000 223.000000 0 176.000000 163.000000 0 176.000000 162.000000 0 175.000000 159.000000 0 176.000000 159.000000 0 156.000000 194.000000 0 158.000000 194.000000 0 159.000000 194.000000 0 157.000000 195.000000 0 157.000000 194.000000
00013 10 0 231.000000 161.000000 0 174.000000 160.000000 0 55.000000 0.000000 0 227.000000 161.000000 0 69.000000 221.000000 0 68.000000 221.000000 0 231.000000 167.000000 0 28.000000 0.000000 0 50.000000 0.000000 0 49.000000 0.000000
00014 10 0 176.000000 157.000000 0 176.000000 162.000000 0 177.000000 161.000000 0 177.000000 162.000000 0 232.000000 159.000000 0 159.000000 192.000000 0 158.000000 192.000000 0 157.000000 192.000000 0 232.000000 164.000000 0 72.000000 219.000000
00015 10 0 176.000000 157.000000 0 101.000000 147.000000 0 176.000000 158.000000 0 143.000000 197.000000 0 207.000000 231.000000 0 101.000000 152.000000 0 215.000000 228.000000 0 159.000000 192.000000 0 211.000000 231.000000 0 223.000000 127.000000
00016 10 0 175.000000 160.000000 0 176.000000 160.000000 0 160.000000 191.000000 0 228.000000 157.000000 0 173.000000 155.000000 0 208.000000 228.000000 0 208.000000 227.000000 0 227.000000 151.000000 0 226.000000 151.000000 0 213.000000 224.000000
00017 10 0 220.000000 127.000000 0 172.000000 158.000000 0 172.000000 157.000000 0 225.000000 159.000000 0 226.000000 159.000000 0 224.000000 159.000000 0 172.000000 161.000000 0 95.000000 143.000000 0 206.000000 230.000000 0 151.000000 192.000000
00018 10 0 172.000000 158.000000 0 172.000000 160.000000 0 63.000000 227.000000 0 220.000000 127.000000 0 219.000000 127.000000 0 95.000000 146.000000 0 232.000000 167.000000 0 137.000000 199.000000 0 138.000000 199.000000 0 205.000000 231.000000
00019 10 0 176.000000 163.000000 0 208.000000 232.000000 0 227.000000 161.000000 0 228.000000 161.000000 0 56.000000 0.000000 0 174.000000 159.000000 0 173.000000 159.000000 0 174.000000 160.000000 0 175.000000 160.000000 0 159.000000 200.000000
00020 10 0 208.000000 231.000000 0 55.000000 0.000000 0 225.000000 159.000000 0 172.000000 158.000000 0 96.000000 152.000000 0 219.000000 127.000000 0 96.000000 144.000000 0 232.000000 167.000000 0 140.000000 196.000000 0 96.000000 145.000000
00021 10 0 176.000000 159.000000 0 58.000000 0.000000 0 66.000000 223.000000 0 228.000000 160.000000 0 216.000000 224.000000 0 176.000000 163.000000 0 176.000000 162.000000 0 71.000000 221.000000 0 228.000000 167.000000 0 207.000000 232.000000
00022 10 0 172.000000 159.000000 0 173.000000 159.000000 0 55.000000 0.000000 0 220.000000 128.000000 0 226.000000 160.000000 0 63.000000 222.000000 0 227.000000 160.000000 0 175.000000 223.000000 0 154.000000 195.000000 0 156.000000 195.000000
00023 10 0 172.000000 156.000000 0 227.000000 158.000000 0 208.000000 232.000000 0 228.000000 158.000000 0 232.000000 159.000000 0 172.000000 160.000000 0 96.000000 152.000000 0 173.000000 160.000000 0 224.000000 153.000000 0 220.000000 127.000000
00024 10 0 173.000000 160.000000 0 155.000000 191.000000 0 227.000000 157.000000 0 151.000000 192.000000 0 174.000000 156.000000 0 173.000000 156.000000 0 105.000000 232.000000 0 228.000000 152.000000 0 227.000000 153.000000 0 66.000000 218.000000
00025 10 0 208.000000 231.000000 0 175.000000 160.000000 0 176.000000 163.000000 0 159.000000 195.000000 0 104.000000 232.000000 0 158.000000 195.000000 0 157.000000 195.000000 0 143.000000 200.000000 0 215.000000 228.000000 0 142.000000 200.000000
00026 10 0 56.000000 0.000000 0 227.000000 161.000000 0 228.000000 161.000000 0 175.000000 164.000000 0 175.000000 163.000000 0 156.000000 194.000000 0 64.000000 223.000000 0 210.000000 232.000000 0 65.000000 223.000000 0 173.000000 159.000000
00027 10 0 176.000000 162.000000 0 167.000000 191.000000 0 109.000000 232.000000 0 230.000000 160.000000 0 231.000000 160.000000 0 223.000000 127.000000 0 231.000000 155.000000 0 231.000000 165.000000 0 176.000000 158.000000 0 72.000000 220.000000
00028 10 0 172.000000 156.000000 0 56.000000 0.000000 0 173.000000 156.000000 0 64.000000 218.000000 0 65.000000 218.000000 0 223.000000 127.000000 0 139.000000 196.000000 0 228.000000 158.000000 0 173.000000 159.000000 0 227.000000 157.000000
00029 10 0 228.000000 157.000000 0 111.000000 192.000000 0 173.000000 155.000000 0 173.000000 156.000000 0 71.000000 216.000000 0 227.000000 151.000000 0 175.000000 160.000000 0 176.000000 160.000000 0 228.000000 151.000000 0 68.000000 223.000000
00030 10 0 231.000000 159.000000 0 230.000000 159.000000 0 223.000000 127.000000 0 224.000000 127.000000 0 175.000000 157.000000 0 176.000000 162.000000 0 176.000000 161.000000 0 210.000000 231.000000 0 71.000000 220.000000 0 143.000000 191.000000
00031 10 0 174.000000 159.000000 0 173.000000 155.000000 0 227.000000 151.000000 0 227.000000 157.000000 0 65.000000 218.000000 0 64.000000 218.000000 0 85.000000 199.000000 0 143.000000 195.000000 0 141.000000 195.000000 0 205.000000 229.000000
00032 10 0 55.000000 0.000000 0 172.000000 160.000000 0 172.000000 158.000000 0 172.000000 159.000000 0 207.000000 231.000000 0 206.000000 231.000000 0 226.000000 154.000000 0 96.000000 147.000000 0 227.000000 160.000000 0 96.000000 148.000000
00033 10 0 175.000000 160.000000 0 58.000000 0.000000 0 211.000000 231.000000 0 208.000000 232.000000 0 111.000000 191.000000 0 47.000000 0.000000 0 231.000000 160.000000 0 176.000000 164.000000 0 215.000000 227.000000 0 67.000000 229.000000
00034 10 0 172.000000 159.000000 0 172.000000 163.000000 0 155.000000 194.000000 0 98.000000 152.000000 0 156.000000 194.000000 0 212.000000 228.000000 0 212.000000 227.000000 0 107.000000 187.000000 0 227.000000 160.000000 0 226.000000 160.000000
00035 10 0 175.000000 159.000000 0 176.000000 164.000000 0 227.000000 160.000000 0 56.000000 0.000000 0 210.000000 232.000000 0 209.000000 232.000000 0 57.000000 0.000000 0 67.000000 229.000000 0 67.000000 222.000000 0 100.000000 152.000000
00036 10 0 208.000000 231.000000 0 205.000000 232.000000 0 227.000000 160.000000 0 226.000000 160.000000 0 212.000000 227.000000 0 172.000000 162.000000 0 173.000000 159.000000 0 172.000000 159.000000 0 80.000000 199.000000 0 153.000000 194.000000
00037 10 0 175.000000 159.000000 0 174.000000 159.000000 0 173.000000 155.000000 0 228.000000 157.000000 0 111.000000 192.000000 0 231.000000 163.000000 0 230.000000 163.000000 0 227.000000 152.000000 0 67.000000 225.000000 0 67.000000 224.000000
00038 10 0 216.000000 223.000000 0 229.000000 157.000000 0 174.000000 155.000000 0 175.000000 155.000000 0 175.000000 156.000000 0 174.000000 156.000000 0 228.000000 157.000000 0 175.000000 159.000000 0 160.000000 192.000000 0 227.000000 152.000000
00039 10 0 175.000000 156.000000 0 109.000000 183.000000 0 223.000000 125.000000 0 222.000000 125.000000 0 228.000000 157.000000 0 229.000000 158.000000 0 215.000000 224.000000 0 229.000000 157.000000 0 176.000000 160.000000 0 158.000000 192.000000
00040 10 0 175.000000 159.000000 0 207.000000 229.000000 0 95.000000 143.000000 0 211.000000 192.000000 0 159.000000 192.000000 0 158.000000 192.000000 0 108.000000 184.000000 0 229.000000 158.000000 0 172.000000 156.000000 0 223.000000 152.000000
00041 10 0 172.000000 161.000000 0 225.000000 159.000000 0 224.000000 159.000000 0 226.000000 159.000000 0 95.000000 147.000000 0 207.000000 229.000000 0 104.000000 232.000000 0 152.000000 192.000000 0 153.000000 192.000000 0 55.000000 0.000000
00042 10 0 176.000000 162.000000 0 176.000000 159.000000 0 232.000000 160.000000 0 224.000000 128.000000 0 63.000000 223.000000 0 223.000000 128.000000 0 180.000000 221.000000 0 229.000000 160.000000 0 47.000000 0.000000 0 79.000000 195.000000
00043 10 0 176.000000 162.000000 0 176.000000 159.000000 0 230.000000 160.000000 0 231.000000 160.000000 0 58.000000 0.000000 0 216.000000 224.000000 0 223.000000 128.000000 0 100.000000 155.000000 0 80.000000 195.000000 0 208.000000 231.000000
00044 10 0 173.000000 157.000000 0 173.000000 158.000000 0 173.000000 159.000000 0 156.000000 191.000000 0 155.000000 191.000000 0 156.000000 190.000000 0 65.000000 218.000000 0 66.000000 218.000000 0 138.000000 196.000000 0 136.000000 197.000000
00045 10 0 211.000000 231.000000 0 101.000000 152.000000 0 177.000000 161.000000 0 177.000000 162.000000 0 176.000000 162.000000 0 210.000000 240.000000 0 161.000000 192.000000 0 143.000000 199.000000 0 159.000000 192.000000 0 160.000000 192.000000
00046 10 0 171.000000 156.000000 0 172.000000 156.000000 0 173.000000 156.000000 0 172.000000 160.000000 0 151.000000 192.000000 0 208.000000 223.000000 0 223.000000 158.000000 0 224.000000 153.000000 0 226.000000 153.000000 0 225.000000 153.000000
00047 10 0 173.000000 159.000000 0 139.000000 200.000000 0 173.000000 163.000000 0 174.000000 163.000000 0 56.000000 0.000000 0 107.000000 232.000000 0 64.000000 223.000000 0 95.000000 146.000000 0 208.000000 232.000000 0 65.000000 223.000000
00048 10 0 176.000000 162.000000 0 176.000000 159.000000 0 208.000000 199.000000 0 209.000000 195.000000 0 209.000000 196.000000 0 48.000000 0.000000 0 228.000000 155.000000 0 72.000000 220.000000 0 208.000000 232.000000 0 68.000000 220.000000
00049 10 0 175.000000 160.000000 0 57.000000 0.000000 0 209.000000 232.000000 0 208.000000 232.000000 0 208.000000 197.000000 0 227.000000 161.000000 0 231.000000 162.000000 0 175.000000 164.000000 0 99.000000 153.000000 0 99.000000 152.000000
00050 10 0 227.000000 157.000000 0 173.000000 159.000000 0 175.000000 160.000000 0 173.000000 156.000000 0 173.000000 157.000000 0 160.000000 189.000000 0 64.000000 219.000000 0 107.000000 183.000000 0 224.000000 151.000000 0 225.000000 151.000000
