00001 10 0 172.000000 223.000000 0 242.000000 199.000000 0 206.000000 214.000000 0 240.000000 208.000000 0 241.000000 208.000000 0 237.000000 184.000000 0 237.000000 183.000000 0 236.000000 183.000000 0 207.000000 223.000000 0 229.000000 202.000000
00002 10 0 239.000000 201.000000 0 205.000000 223.000000 0 240.000000 204.000000 0 248.000000 175.000000 0 235.000000 207.000000 0 243.000000 199.000000 0 238.000000 183.000000 0 236.000000 200.000000 0 207.000000 215.000000 0 232.000000 167.000000
00003 10 0 241.000000 207.000000 0 240.000000 200.000000 0 188.000000 223.000000 0 243.000000 199.000000 0 240.000000 203.000000 0 223.000000 207.000000 0 180.000000 216.000000 0 250.000000 168.000000 0 223.000000 201.000000 0 215.000000 225.000000
00004 10 0 244.000000 200.000000 0 237.000000 184.000000 0 253.000000 170.000000 0 239.000000 205.000000 0 234.000000 184.000000 0 243.000000 207.000000 0 241.000000 212.000000 0 218.000000 232.000000 0 247.000000 216.000000 0 224.000000 236.000000
00005 10 0 130.000000 240.000000 0 237.000000 184.000000 0 239.000000 199.000000 0 240.000000 202.000000 0 207.000000 215.000000 0 255.000000 173.000000 0 243.000000 199.000000 0 237.000000 207.000000 0 241.000000 206.000000 0 242.000000 205.000000
00006 10 0 239.000000 207.000000 0 240.000000 198.000000 0 237.000000 183.000000 0 210.000000 223.000000 0 207.000000 216.000000 0 192.000000 224.000000 0 244.000000 199.000000 0 74.000000 150.000000 0 210.000000 218.000000 0 170.000000 224.000000
00007 10 0 242.000000 199.000000 0 240.000000 204.000000 0 240.000000 203.000000 0 245.000000 215.000000 0 238.000000 183.000000 0 237.000000 183.000000 0 207.000000 214.000000 0 237.000000 205.000000 0 241.000000 207.000000 0 207.000000 227.000000
00008 10 0 239.000000 183.000000 0 76.000000 152.000000 0 242.000000 200.000000 0 241.000000 206.000000 0 247.000000 194.000000 0 205.000000 216.000000 0 208.000000 214.000000 0 239.000000 191.000000 0 185.000000 199.000000 0 208.000000 219.000000
00009 10 0 207.000000 217.000000 0 207.000000 216.000000 0 239.000000 207.000000 0 236.000000 183.000000 0 255.000000 175.000000 0 216.000000 228.000000 0 211.000000 222.000000 0 236.000000 201.000000 0 77.000000 151.000000 0 252.000000 173.000000
00010 10 0 235.000000 184.000000 0 241.000000 199.000000 0 240.000000 204.000000 0 223.000000 206.000000 0 75.000000 150.000000 0 208.000000 215.000000 0 208.000000 227.000000 0 245.000000 212.000000 0 239.000000 208.000000 0 224.000000 238.000000
00011 10 0 245.000000 214.000000 0 216.000000 226.000000 0 236.000000 184.000000 0 208.000000 215.000000 0 244.000000 211.000000 0 240.000000 205.000000 0 215.000000 229.000000 0 242.000000 202.000000 0 213.000000 224.000000 0 242.000000 199.000000
00012 10 0 247.000000 215.000000 0 240.000000 208.000000 0 207.000000 216.000000 0 240.000000 199.000000 0 240.000000 203.000000 0 232.000000 168.000000 0 255.000000 174.000000 0 223.000000 199.000000 0 216.000000 231.000000 0 248.000000 170.000000
00013 10 0 239.000000 199.000000 0 240.000000 206.000000 0 207.000000 215.000000 0 237.000000 184.000000 0 240.000000 203.000000 0 231.000000 199.000000 0 248.000000 216.000000 0 232.000000 184.000000 0 187.000000 223.000000 0 244.000000 200.000000
00014 10 0 240.000000 205.000000 0 75.000000 151.000000 0 240.000000 201.000000 0 225.000000 241.000000 0 191.000000 223.000000 0 237.000000 184.000000 0 208.000000 218.000000 0 186.000000 223.000000 0 207.000000 222.000000 0 247.000000 215.000000
00015 10 0 241.000000 208.000000 0 239.000000 184.000000 0 240.000000 203.000000 0 250.000000 199.000000 0 181.000000 215.000000 0 215.000000 229.000000 0 170.000000 223.000000 0 253.000000 176.000000 0 208.000000 226.000000 0 242.000000 199.000000
00016 10 0 250.000000 200.000000 0 242.000000 199.000000 0 237.000000 207.000000 0 240.000000 204.000000 0 238.000000 200.000000 0 207.000000 215.000000 0 206.000000 215.000000 0 192.000000 224.000000 0 245.000000 216.000000 0 224.000000 237.000000
00017 10 0 240.000000 207.000000 0 240.000000 203.000000 0 214.000000 224.000000 0 216.000000 231.000000 0 240.000000 200.000000 0 208.000000 217.000000 0 236.000000 184.000000 0 207.000000 224.000000 0 212.000000 231.000000 0 213.000000 232.000000
00018 10 0 239.000000 207.000000 0 214.000000 231.000000 0 240.000000 199.000000 0 243.000000 199.000000 0 240.000000 203.000000 0 190.000000 224.000000 0 253.000000 173.000000 0 181.000000 215.000000 0 237.000000 183.000000 0 233.000000 184.000000
00019 10 0 207.000000 215.000000 0 240.000000 204.000000 0 210.000000 223.000000 0 186.000000 223.000000 0 207.000000 223.000000 0 242.000000 199.000000 0 245.000000 213.000000 0 240.000000 191.000000 0 237.000000 208.000000 0 236.000000 208.000000
00020 10 0 244.000000 199.000000 0 239.000000 184.000000 0 223.000000 192.000000 0 240.000000 206.000000 0 240.000000 197.000000 0 240.000000 205.000000 0 241.000000 205.000000 0 208.000000 219.000000 0 241.000000 206.000000 0 240.000000 201.000000
00021 10 0 243.000000 199.000000 0 241.000000 204.000000 0 240.000000 204.000000 0 241.000000 205.000000 0 210.000000 226.000000 0 214.000000 222.000000 0 215.000000 222.000000 0 218.000000 199.000000 0 216.000000 198.000000 0 127.000000 232.000000
00022 10 0 245.000000 216.000000 0 239.000000 201.000000 0 235.000000 184.000000 0 240.000000 211.000000 0 243.000000 211.000000 0 251.000000 199.000000 0 239.000000 206.000000 0 191.000000 224.000000 0 99.000000 255.000000 0 210.000000 225.000000
00023 10 0 240.000000 204.000000 0 252.000000 171.000000 0 236.000000 184.000000 0 204.000000 219.000000 0 241.000000 201.000000 0 180.000000 216.000000 0 170.000000 224.000000 0 210.000000 223.000000 0 232.000000 167.000000 0 245.000000 214.000000
00024 10 0 240.000000 208.000000 0 239.000000 202.000000 0 206.000000 215.000000 0 243.000000 199.000000 0 245.000000 215.000000 0 226.000000 205.000000 0 232.000000 167.000000 0 238.000000 184.000000 0 239.000000 191.000000 0 255.000000 175.000000
00025 10 0 207.000000 224.000000 0 240.000000 206.000000 0 242.000000 200.000000 0 237.000000 184.000000 0 248.000000 199.000000 0 224.000000 239.000000 0 194.000000 223.000000 0 208.000000 216.000000 0 0.000000 15.000000 0 236.000000 207.000000
00026 10 0 0.000000 10.000000 0 239.000000 202.000000 0 216.000000 198.000000 0 207.000000 216.000000 0 236.000000 207.000000 0 240.000000 207.000000 0 216.000000 230.000000 0 75.000000 150.000000 0 205.000000 223.000000 0 238.000000 183.000000
00027 10 0 241.000000 206.000000 0 232.000000 168.000000 0 239.000000 210.000000 0 236.000000 208.000000 0 255.000000 175.000000 0 215.000000 226.000000 0 75.000000 216.000000 0 234.000000 184.000000 0 247.000000 215.000000 0 239.000000 202.000000
00028 10 0 242.000000 199.000000 0 241.000000 199.000000 0 205.000000 219.000000 0 237.000000 184.000000 0 237.000000 183.000000 0 240.000000 203.000000 0 241.000000 207.000000 0 74.000000 150.000000 0 215.000000 227.000000 0 242.000000 207.000000
00029 10 0 208.000000 216.000000 0 237.000000 207.000000 0 241.000000 207.000000 0 238.000000 200.000000 0 254.000000 173.000000 0 247.000000 170.000000 0 237.000000 184.000000 0 250.000000 173.000000 0 223.000000 208.000000 0 239.000000 203.000000
00030 10 0 254.000000 176.000000 0 240.000000 202.000000 0 237.000000 183.000000 0 234.000000 184.000000 0 208.000000 216.000000 0 243.000000 200.000000 0 240.000000 207.000000 0 248.000000 199.000000 0 208.000000 223.000000 0 255.000000 169.000000
00031 10 0 207.000000 218.000000 0 242.000000 199.000000 0 245.000000 215.000000 0 247.000000 199.000000 0 255.000000 176.000000 0 239.000000 200.000000 0 237.000000 183.000000 0 236.000000 208.000000 0 232.000000 167.000000 0 253.000000 170.000000
00032 10 0 215.000000 199.000000 0 240.000000 204.000000 0 243.000000 200.000000 0 245.000000 215.000000 0 235.000000 184.000000 0 235.000000 208.000000 0 181.000000 215.000000 0 186.000000 221.000000 0 206.000000 214.000000 0 235.000000 167.000000
00033 10 0 241.000000 207.000000 0 237.000000 207.000000 0 241.000000 199.000000 0 242.000000 199.000000 0 205.000000 219.000000 0 241.000000 203.000000 0 239.000000 203.000000 0 246.000000 198.000000 0 75.000000 152.000000 0 255.000000 175.000000
00034 10 0 239.000000 207.000000 0 223.000000 240.000000 0 240.000000 200.000000 0 239.000000 203.000000 0 253.000000 175.000000 0 128.000000 231.000000 0 234.000000 167.000000 0 213.000000 231.000000 0 216.000000 232.000000 0 206.000000 215.000000
00035 10 0 240.000000 199.000000 0 192.000000 223.000000 0 240.000000 192.000000 0 240.000000 207.000000 0 208.000000 226.000000 0 236.000000 183.000000 0 208.000000 223.000000 0 240.000000 196.000000 0 237.000000 201.000000 0 241.000000 202.000000
00036 10 0 239.000000 205.000000 0 250.000000 200.000000 0 242.000000 200.000000 0 241.000000 200.000000 0 207.000000 213.000000 0 215.000000 197.000000 0 215.000000 198.000000 0 218.000000 232.000000 0 236.000000 184.000000 0 236.000000 200.000000
00037 10 0 243.000000 199.000000 0 237.000000 207.000000 0 255.000000 168.000000 0 217.000000 199.000000 0 253.000000 176.000000 0 216.000000 231.000000 0 235.000000 184.000000 0 208.000000 217.000000 0 180.000000 215.000000 0 239.000000 202.000000
00038 10 0 239.000000 202.000000 0 244.000000 200.000000 0 243.000000 200.000000 0 224.000000 240.000000 0 239.000000 193.000000 0 223.000000 200.000000 0 251.000000 173.000000 0 208.000000 216.000000 0 215.000000 223.000000 0 250.000000 168.000000
00039 10 0 241.000000 206.000000 0 244.000000 199.000000 0 205.000000 220.000000 0 239.000000 199.000000 0 236.000000 184.000000 0 237.000000 184.000000 0 254.000000 175.000000 0 207.000000 223.000000 0 210.000000 223.000000 0 242.000000 202.000000
00040 10 0 240.000000 203.000000 0 240.000000 206.000000 0 235.000000 167.000000 0 238.000000 209.000000 0 235.000000 184.000000 0 243.000000 199.000000 0 179.000000 215.000000 0 228.000000 200.000000 0 249.000000 199.000000 0 239.000000 191.000000
00041 10 0 192.000000 223.000000 0 207.000000 215.000000 0 240.000000 206.000000 0 239.000000 197.000000 0 74.000000 151.000000 0 235.000000 185.000000 0 243.000000 200.000000 0 244.000000 209.000000 0 229.000000 184.000000 0 207.000000 218.000000
00042 10 0 240.000000 199.000000 0 240.000000 207.000000 0 237.000000 183.000000 0 247.000000 215.000000 0 213.000000 231.000000 0 255.000000 174.000000 0 255.000000 173.000000 0 76.000000 152.000000 0 240.000000 204.000000 0 207.000000 215.000000
00043 10 0 240.000000 202.000000 0 236.000000 184.000000 0 206.000000 215.000000 0 240.000000 205.000000 0 239.000000 183.000000 0 244.000000 200.000000 0 231.000000 183.000000 0 215.000000 223.000000 0 246.000000 215.000000 0 255.000000 175.000000
00044 10 0 211.000000 225.000000 0 239.000000 200.000000 0 75.000000 151.000000 0 240.000000 206.000000 0 207.000000 224.000000 0 224.000000 200.000000 0 255.000000 175.000000 0 242.000000 199.000000 0 208.000000 214.000000 0 214.000000 231.000000
00045 10 0 216.000000 231.000000 0 191.000000 223.000000 0 240.000000 200.000000 0 209.000000 221.000000 0 239.000000 207.000000 0 206.000000 223.000000 0 212.000000 223.000000 0 216.000000 228.000000 0 212.000000 218.000000 0 224.000000 203.000000
00046 10 0 207.000000 215.000000 0 216.000000 228.000000 0 240.000000 204.000000 0 242.000000 199.000000 0 239.000000 200.000000 0 205.000000 219.000000 0 237.000000 184.000000 0 253.000000 171.000000 0 238.000000 208.000000 0 235.000000 209.000000
00047 10 0 207.000000 219.000000 0 237.000000 183.000000 0 244.000000 199.000000 0 208.000000 216.000000 0 240.000000 204.000000 0 240.000000 203.000000 0 244.000000 215.000000 0 245.000000 215.000000 0 241.000000 209.000000 0 254.000000 174.000000
00048 10 0 238.000000 183.000000 0 208.000000 215.000000 0 246.000000 216.000000 0 231.000000 203.000000 0 239.000000 202.000000 0 236.000000 200.000000 0 192.000000 224.000000 0 240.000000 205.000000 0 211.000000 224.000000 0 223.000000 238.000000
00049 10 0 239.000000 200.000000 0 207.000000 214.000000 0 241.000000 206.000000 0 240.000000 206.000000 0 0.000000 39.000000 0 237.000000 183.000000 0 250.000000 199.000000 0 76.000000 151.000000 0 236.000000 207.000000 0 239.000000 210.000000
00050 10 0 239.000000 206.000000 0 236.000000 183.000000 0 242.000000 199.000000 0 242.000000 200.000000 0 207.000000 215.000000 0 232.000000 184.000000 0 192.000000 224.000000 0 255.000000 176.000000 0 199.000000 199.000000 0 248.000000 174.000000
