00001 10 0 7.000000 189.000000 0 180.000000 2.000000 0 79.000000 8.000000 0 77.000000 11.000000 0 0.000000 191.000000 0 21.000000 167.000000 0 3.000000 190.000000 0 7.000000 202.000000 0 0.000000 195.000000 0 10.000000 200.000000
00002 10 0 180.000000 2.000000 0 79.000000 8.000000 0 7.000000 189.000000 0 21.000000 167.000000 0 77.000000 11.000000 0 15.000000 199.000000 0 0.000000 195.000000 0 0.000000 192.000000 0 24.000000 196.000000 0 3.000000 190.000000
00003 10 0 180.000000 2.000000 0 7.000000 189.000000 0 21.000000 167.000000 0 0.000000 191.000000 0 79.000000 8.000000 0 77.000000 11.000000 0 15.000000 199.000000 0 2.000000 239.000000 0 0.000000 195.000000 0 23.000000 197.000000
00004 10 0 180.000000 2.000000 0 7.000000 189.000000 0 79.000000 8.000000 0 21.000000 167.000000 0 77.000000 11.000000 0 0.000000 195.000000 0 7.000000 202.000000 0 0.000000 191.000000 0 14.000000 199.000000 0 24.000000 196.000000
00005 10 0 180.000000 2.000000 0 7.000000 189.000000 0 79.000000 8.000000 0 0.000000 192.000000 0 0.000000 195.000000 0 23.000000 197.000000 0 21.000000 167.000000 0 77.000000 11.000000 0 2.000000 239.000000 0 7.000000 202.000000
00006 10 0 180.000000 2.000000 0 7.000000 189.000000 0 79.000000 8.000000 0 21.000000 167.000000 0 77.000000 11.000000 0 0.000000 195.000000 0 0.000000 191.000000 0 1.000000 191.000000 0 7.000000 202.000000 0 207.000000 21.000000
00007 10 0 180.000000 2.000000 0 7.000000 189.000000 0 79.000000 8.000000 0 77.000000 11.000000 0 16.000000 199.000000 0 21.000000 167.000000 0 23.000000 197.000000 0 207.000000 21.000000 0 1.000000 191.000000 0 2.000000 190.000000
00008 10 0 79.000000 8.000000 0 180.000000 2.000000 0 7.000000 189.000000 0 77.000000 11.000000 0 21.000000 167.000000 0 15.000000 199.000000 0 2.000000 191.000000 0 3.000000 239.000000 0 0.000000 195.000000 0 7.000000 202.000000
00009 10 0 180.000000 2.000000 0 7.000000 189.000000 0 79.000000 8.000000 0 77.000000 11.000000 0 0.000000 191.000000 0 21.000000 167.000000 0 0.000000 195.000000 0 23.000000 197.000000 0 3.000000 239.000000 0 10.000000 200.000000
00010 10 0 180.000000 2.000000 0 79.000000 8.000000 0 7.000000 189.000000 0 21.000000 167.000000 0 77.000000 11.000000 0 3.000000 190.000000 0 2.000000 190.000000 0 16.000000 199.000000 0 23.000000 197.000000 0 0.000000 195.000000
00011 10 0 79.000000 8.000000 0 180.000000 2.000000 0 7.000000 189.000000 0 15.000000 199.000000 0 77.000000 11.000000 0 21.000000 167.000000 0 3.000000 190.000000 0 0.000000 192.000000 0 2.000000 239.000000 0 7.000000 202.000000
00012 10 0 7.000000 189.000000 0 180.000000 2.000000 0 15.000000 199.000000 0 79.000000 8.000000 0 21.000000 167.000000 0 77.000000 12.000000 0 0.000000 191.000000 0 3.000000 190.000000 0 7.000000 202.000000 0 2.000000 239.000000
00013 10 0 180.000000 2.000000 0 79.000000 8.000000 0 7.000000 189.000000 0 0.000000 192.000000 0 3.000000 190.000000 0 21.000000 167.000000 0 77.000000 11.000000 0 15.000000 199.000000 0 0.000000 195.000000 0 11.000000 200.000000
00014 10 0 180.000000 2.000000 0 7.000000 189.000000 0 79.000000 8.000000 0 0.000000 191.000000 0 3.000000 190.000000 0 77.000000 11.000000 0 21.000000 167.000000 0 23.000000 197.000000 0 0.000000 195.000000 0 15.000000 199.000000
00015 10 0 180.000000 2.000000 0 7.000000 189.000000 0 79.000000 8.000000 0 3.000000 190.000000 0 21.000000 167.000000 0 77.000000 12.000000 0 24.000000 196.000000 0 0.000000 191.000000 0 15.000000 199.000000 0 0.000000 195.000000
00016 10 0 180.000000 2.000000 0 7.000000 189.000000 0 79.000000 8.000000 0 0.000000 191.000000 0 3.000000 190.000000 0 21.000000 167.000000 0 77.000000 11.000000 0 15.000000 199.000000 0 0.000000 195.000000 0 207.000000 21.000000
00017 10 0 180.000000 2.000000 0 79.000000 8.000000 0 7.000000 189.000000 0 21.000000 167.000000 0 77.000000 11.000000 0 1.000000 191.000000 0 0.000000 195.000000 0 15.000000 199.000000 0 7.000000 202.000000 0 2.000000 239.000000
00018 10 0 7.000000 189.000000 0 180.000000 2.000000 0 79.000000 8.000000 0 77.000000 11.000000 0 0.000000 191.000000 0 21.000000 167.000000 0 3.000000 190.000000 0 0.000000 195.000000 0 16.000000 199.000000 0 10.000000 200.000000
00019 10 0 7.000000 189.000000 0 180.000000 2.000000 0 79.000000 8.000000 0 21.000000 167.000000 0 77.000000 11.000000 0 0.000000 191.000000 0 0.000000 195.000000 0 7.000000 202.000000 0 15.000000 199.000000 0 3.000000 190.000000
00020 10 0 180.000000 2.000000 0 79.000000 8.000000 0 77.000000 11.000000 0 7.000000 189.000000 0 21.000000 167.000000 0 0.000000 191.000000 0 16.000000 199.000000 0 2.000000 239.000000 0 24.000000 196.000000 0 0.000000 195.000000
00021 10 0 180.000000 2.000000 0 7.000000 189.000000 0 79.000000 8.000000 0 77.000000 12.000000 0 15.000000 199.000000 0 23.000000 197.000000 0 0.000000 191.000000 0 3.000000 190.000000 0 7.000000 202.000000 0 0.000000 195.000000
00022 10 0 180.000000 2.000000 0 7.000000 189.000000 0 0.000000 191.000000 0 21.000000 167.000000 0 15.000000 199.000000 0 77.000000 12.000000 0 0.000000 195.000000 0 79.000000 8.000000 0 3.000000 239.000000 0 23.000000 197.000000
00023 10 0 180.000000 2.000000 0 7.000000 189.000000 0 79.000000 8.000000 0 77.000000 11.000000 0 21.000000 167.000000 0 15.000000 199.000000 0 0.000000 195.000000 0 0.000000 191.000000 0 7.000000 202.000000 0 18.000000 198.000000
00024 10 0 180.000000 2.000000 0 79.000000 8.000000 0 77.000000 11.000000 0 7.000000 189.000000 0 3.000000 190.000000 0 4.000000 190.000000 0 21.000000 167.000000 0 15.000000 199.000000 0 0.000000 191.000000 0 0.000000 192.000000
00025 10 0 180.000000 2.000000 0 79.000000 8.000000 0 7.000000 189.000000 0 77.000000 11.000000 0 21.000000 167.000000 0 23.000000 197.000000 0 0.000000 192.000000 0 3.000000 191.000000 0 0.000000 195.000000 0 16.000000 199.000000
00026 10 0 180.000000 2.000000 0 7.000000 189.000000 0 77.000000 11.000000 0 79.000000 8.000000 0 0.000000 191.000000 0 21.000000 167.000000 0 0.000000 195.000000 0 14.000000 199.000000 0 23.000000 197.000000 0 7.000000 202.000000
00027 10 0 180.000000 2.000000 0 7.000000 189.000000 0 79.000000 8.000000 0 21.000000 167.000000 0 0.000000 191.000000 0 3.000000 190.000000 0 77.000000 11.000000 0 15.000000 199.000000 0 0.000000 195.000000 0 23.000000 197.000000
00028 10 0 180.000000 2.000000 0 7.000000 189.000000 0 79.000000 8.000000 0 77.000000 11.000000 0 21.000000 167.000000 0 15.000000 199.000000 0 0.000000 195.000000 0 7.000000 202.000000 0 0.000000 191.000000 0 23.000000 197.000000
00029 10 0 180.000000 2.000000 0 78.000000 8.000000 0 7.000000 189.000000 0 77.000000 11.000000 0 16.000000 199.000000 0 0.000000 191.000000 0 21.000000 167.000000 0 8.000000 201.000000 0 2.000000 239.000000 0 11.000000 200.000000
00030 10 0 180.000000 2.000000 0 7.000000 189.000000 0 79.000000 8.000000 0 23.000000 197.000000 0 15.000000 199.000000 0 77.000000 11.000000 0 3.000000 190.000000 0 21.000000 167.000000 0 7.000000 202.000000 0 0.000000 195.000000
00031 10 0 180.000000 2.000000 0 3.000000 190.000000 0 79.000000 8.000000 0 78.000000 8.000000 0 7.000000 189.000000 0 77.000000 12.000000 0 21.000000 167.000000 0 0.000000 195.000000 0 16.000000 199.000000 0 7.000000 202.000000
00032 10 0 180.000000 2.000000 0 7.000000 189.000000 0 79.000000 8.000000 0 21.000000 167.000000 0 0.000000 191.000000 0 77.000000 11.000000 0 3.000000 190.000000 0 16.000000 199.000000 0 0.000000 195.000000 0 7.000000 202.000000
00033 10 0 180.000000 2.000000 0 79.000000 8.000000 0 7.000000 189.000000 0 77.000000 11.000000 0 21.000000 167.000000 0 3.000000 190.000000 0 0.000000 191.000000 0 0.000000 195.000000 0 15.000000 199.000000 0 7.000000 202.000000
00034 10 0 7.000000 189.000000 0 180.000000 2.000000 0 0.000000 191.000000 0 79.000000 8.000000 0 21.000000 167.000000 0 77.000000 11.000000 0 3.000000 190.000000 0 0.000000 195.000000 0 14.000000 199.000000 0 23.000000 197.000000
00035 10 0 180.000000 2.000000 0 79.000000 8.000000 0 7.000000 189.000000 0 0.000000 191.000000 0 77.000000 11.000000 0 3.000000 190.000000 0 21.000000 167.000000 0 23.000000 197.000000 0 16.000000 199.000000 0 0.000000 195.000000
00036 10 0 180.000000 2.000000 0 7.000000 189.000000 0 79.000000 8.000000 0 77.000000 11.000000 0 21.000000 167.000000 0 14.000000 199.000000 0 0.000000 191.000000 0 23.000000 197.000000 0 0.000000 195.000000 0 2.000000 239.000000
00037 10 0 180.000000 2.000000 0 7.000000 189.000000 0 15.000000 199.000000 0 79.000000 8.000000 0 21.000000 167.000000 0 77.000000 11.000000 0 23.000000 197.000000 0 2.000000 190.000000 0 2.000000 239.000000 0 0.000000 195.000000
00038 10 0 79.000000 8.000000 0 180.000000 2.000000 0 7.000000 189.000000 0 21.000000 167.000000 0 0.000000 191.000000 0 77.000000 11.000000 0 0.000000 195.000000 0 15.000000 199.000000 0 3.000000 190.000000 0 7.000000 202.000000
00039 10 0 180.000000 2.000000 0 7.000000 189.000000 0 0.000000 191.000000 0 21.000000 167.000000 0 79.000000 8.000000 0 3.000000 190.000000 0 77.000000 11.000000 0 16.000000 199.000000 0 7.000000 202.000000 0 0.000000 195.000000
00040 10 0 180.000000 2.000000 0 7.000000 189.000000 0 79.000000 8.000000 0 16.000000 199.000000 0 77.000000 11.000000 0 0.000000 191.000000 0 21.000000 167.000000 0 0.000000 195.000000 0 23.000000 197.000000 0 7.000000 202.000000
00041 10 0 180.000000 2.000000 0 79.000000 8.000000 0 7.000000 189.000000 0 77.000000 11.000000 0 15.000000 199.000000 0 0.000000 191.000000 0 21.000000 167.000000 0 0.000000 195.000000 0 2.000000 239.000000 0 7.000000 202.000000
00042 10 0 180.000000 2.000000 0 7.000000 189.000000 0 0.000000 191.000000 0 79.000000 8.000000 0 78.000000 8.000000 0 21.000000 167.000000 0 77.000000 12.000000 0 3.000000 190.000000 0 14.000000 199.000000 0 15.000000 199.000000
00043 10 0 180.000000 2.000000 0 7.000000 189.000000 0 79.000000 8.000000 0 21.000000 167.000000 0 77.000000 11.000000 0 3.000000 190.000000 0 16.000000 199.000000 0 0.000000 191.000000 0 0.000000 195.000000 0 7.000000 202.000000
00044 10 0 180.000000 2.000000 0 7.000000 189.000000 0 21.000000 167.000000 0 79.000000 8.000000 0 0.000000 191.000000 0 0.000000 195.000000 0 15.000000 199.000000 0 3.000000 190.000000 0 77.000000 11.000000 0 24.000000 196.000000
00045 10 0 180.000000 2.000000 0 21.000000 167.000000 0 7.000000 189.000000 0 79.000000 8.000000 0 3.000000 190.000000 0 0.000000 191.000000 0 77.000000 11.000000 0 0.000000 195.000000 0 19.000000 197.000000 0 23.000000 197.000000
00046 10 0 180.000000 2.000000 0 79.000000 8.000000 0 7.000000 189.000000 0 21.000000 167.000000 0 3.000000 190.000000 0 77.000000 11.000000 0 0.000000 195.000000 0 23.000000 197.000000 0 15.000000 199.000000 0 7.000000 202.000000
00047 10 0 180.000000 2.000000 0 21.000000 167.000000 0 79.000000 8.000000 0 7.000000 189.000000 0 16.000000 199.000000 0 77.000000 11.000000 0 0.000000 195.000000 0 0.000000 192.000000 0 1.000000 191.000000 0 23.000000 197.000000
00048 10 0 79.000000 8.000000 0 180.000000 2.000000 0 7.000000 189.000000 0 77.000000 12.000000 0 15.000000 199.000000 0 21.000000 167.000000 0 0.000000 191.000000 0 2.000000 239.000000 0 23.000000 197.000000 0 0.000000 195.000000
00049 10 0 180.000000 2.000000 0 79.000000 8.000000 0 7.000000 189.000000 0 21.000000 167.000000 0 77.000000 11.000000 0 0.000000 195.000000 0 2.000000 191.000000 0 3.000000 190.000000 0 14.000000 199.000000 0 7.000000 202.000000
00050 10 0 180.000000 2.000000 0 7.000000 189.000000 0 79.000000 8.000000 0 77.000000 11.000000 0 3.000000 190.000000 0 23.000000 197.000000 0 21.000000 167.000000 0 0.000000 191.000000 0 0.000000 195.000000 0 26.000000 192.000000
