00001 10 0 210.000000 29.000000 0 209.000000 29.000000 0 215.000000 28.000000 0 220.000000 30.000000 0 214.000000 31.000000 0 72.000000 78.000000 0 66.000000 58.000000 0 59.000000 53.000000 0 45.000000 50.000000 0 77.000000 78.000000
00002 10 0 210.000000 29.000000 0 221.000000 30.000000 0 215.000000 31.000000 0 45.000000 50.000000 0 91.000000 119.000000 0 71.000000 76.000000 0 214.000000 28.000000 0 71.000000 77.000000 0 75.000000 79.000000 0 64.000000 57.000000
00003 10 0 210.000000 29.000000 0 221.000000 30.000000 0 216.000000 29.000000 0 220.000000 30.000000 0 221.000000 29.000000 0 72.000000 78.000000 0 45.000000 50.000000 0 75.000000 79.000000 0 59.000000 53.000000 0 64.000000 57.000000
00004 10 0 211.000000 29.000000 0 210.000000 30.000000 0 210.000000 29.000000 0 215.000000 31.000000 0 221.000000 29.000000 0 218.000000 31.000000 0 46.000000 51.000000 0 66.000000 58.000000 0 71.000000 77.000000 0 71.000000 76.000000
00005 10 0 210.000000 29.000000 0 217.000000 29.000000 0 221.000000 30.000000 0 72.000000 78.000000 0 47.000000 52.000000 0 75.000000 79.000000 0 90.000000 119.000000 0 64.000000 57.000000 0 67.000000 60.000000 0 59.000000 53.000000
00006 10 0 221.000000 29.000000 0 220.000000 29.000000 0 209.000000 29.000000 0 216.000000 28.000000 0 213.000000 29.000000 0 72.000000 78.000000 0 59.000000 53.000000 0 45.000000 50.000000 0 44.000000 50.000000 0 90.000000 119.000000
00007 10 0 210.000000 29.000000 0 47.000000 52.000000 0 75.000000 79.000000 0 215.000000 29.000000 0 218.000000 30.000000 0 219.000000 30.000000 0 219.000000 31.000000 0 71.000000 76.000000 0 59.000000 53.000000 0 67.000000 60.000000
00008 10 0 220.000000 30.000000 0 220.000000 29.000000 0 210.000000 29.000000 0 216.000000 31.000000 0 216.000000 28.000000 0 75.000000 79.000000 0 91.000000 119.000000 0 45.000000 51.000000 0 213.000000 31.000000 0 72.000000 78.000000
00009 10 0 210.000000 29.000000 0 215.000000 28.000000 0 218.000000 31.000000 0 219.000000 31.000000 0 72.000000 78.000000 0 47.000000 52.000000 0 66.000000 58.000000 0 59.000000 53.000000 0 75.000000 79.000000 0 197.000000 24.000000
00010 10 0 210.000000 29.000000 0 215.000000 28.000000 0 72.000000 78.000000 0 215.000000 31.000000 0 214.000000 31.000000 0 220.000000 30.000000 0 59.000000 53.000000 0 47.000000 52.000000 0 75.000000 79.000000 0 91.000000 119.000000
00011 10 0 210.000000 29.000000 0 72.000000 78.000000 0 215.000000 28.000000 0 216.000000 31.000000 0 221.000000 30.000000 0 221.000000 29.000000 0 222.000000 29.000000 0 45.000000 51.000000 0 59.000000 53.000000 0 59.000000 52.000000
00012 10 0 209.000000 29.000000 0 210.000000 29.000000 0 216.000000 28.000000 0 72.000000 78.000000 0 220.000000 30.000000 0 219.000000 30.000000 0 45.000000 51.000000 0 59.000000 53.000000 0 92.000000 120.000000 0 67.000000 59.000000
00013 10 0 210.000000 30.000000 0 210.000000 29.000000 0 216.000000 31.000000 0 220.000000 30.000000 0 72.000000 78.000000 0 216.000000 28.000000 0 91.000000 119.000000 0 67.000000 59.000000 0 45.000000 50.000000 0 59.000000 52.000000
00014 10 0 210.000000 29.000000 0 219.000000 30.000000 0 72.000000 78.000000 0 214.000000 28.000000 0 90.000000 119.000000 0 75.000000 79.000000 0 47.000000 52.000000 0 63.000000 55.000000 0 59.000000 53.000000 0 67.000000 60.000000
00015 10 0 210.000000 29.000000 0 72.000000 78.000000 0 215.000000 28.000000 0 218.000000 30.000000 0 219.000000 30.000000 0 91.000000 119.000000 0 75.000000 79.000000 0 59.000000 53.000000 0 64.000000 57.000000 0 67.000000 60.000000
00016 10 0 210.000000 29.000000 0 209.000000 29.000000 0 220.000000 30.000000 0 215.000000 29.000000 0 72.000000 78.000000 0 47.000000 52.000000 0 75.000000 79.000000 0 59.000000 53.000000 0 63.000000 55.000000 0 67.000000 60.000000
00017 10 0 210.000000 29.000000 0 209.000000 29.000000 0 220.000000 30.000000 0 215.000000 28.000000 0 216.000000 28.000000 0 216.000000 31.000000 0 213.000000 31.000000 0 64.000000 56.000000 0 75.000000 79.000000 0 72.000000 78.000000
00018 10 0 210.000000 29.000000 0 216.000000 28.000000 0 216.000000 31.000000 0 219.000000 30.000000 0 72.000000 78.000000 0 66.000000 58.000000 0 67.000000 59.000000 0 92.000000 120.000000 0 45.000000 51.000000 0 75.000000 79.000000
00019 10 0 210.000000 29.000000 0 72.000000 78.000000 0 214.000000 31.000000 0 215.000000 28.000000 0 217.000000 31.000000 0 218.000000 31.000000 0 67.000000 59.000000 0 90.000000 119.000000 0 75.000000 79.000000 0 76.000000 78.000000
00020 10 0 210.000000 29.000000 0 220.000000 30.000000 0 215.000000 29.000000 0 216.000000 28.000000 0 74.000000 79.000000 0 45.000000 50.000000 0 59.000000 52.000000 0 64.000000 57.000000 0 196.000000 24.000000 0 197.000000 24.000000
00021 10 0 210.000000 29.000000 0 216.000000 29.000000 0 72.000000 78.000000 0 59.000000 52.000000 0 90.000000 119.000000 0 75.000000 79.000000 0 45.000000 50.000000 0 68.000000 60.000000 0 63.000000 55.000000 0 197.000000 24.000000
00022 10 0 210.000000 29.000000 0 221.000000 30.000000 0 72.000000 78.000000 0 214.000000 31.000000 0 215.000000 28.000000 0 47.000000 52.000000 0 64.000000 57.000000 0 75.000000 79.000000 0 67.000000 60.000000 0 59.000000 53.000000
00023 10 0 210.000000 29.000000 0 220.000000 30.000000 0 216.000000 31.000000 0 72.000000 78.000000 0 215.000000 28.000000 0 47.000000 52.000000 0 63.000000 55.000000 0 59.000000 53.000000 0 44.000000 50.000000 0 75.000000 79.000000
00024 10 0 210.000000 29.000000 0 220.000000 29.000000 0 72.000000 78.000000 0 215.000000 28.000000 0 59.000000 53.000000 0 96.000000 94.000000 0 75.000000 79.000000 0 45.000000 51.000000 0 67.000000 60.000000 0 64.000000 57.000000
00025 10 0 210.000000 29.000000 0 220.000000 30.000000 0 72.000000 78.000000 0 214.000000 31.000000 0 215.000000 28.000000 0 59.000000 53.000000 0 75.000000 79.000000 0 45.000000 51.000000 0 91.000000 119.000000 0 197.000000 24.000000
00026 10 0 210.000000 29.000000 0 72.000000 78.000000 0 215.000000 28.000000 0 221.000000 30.000000 0 47.000000 52.000000 0 92.000000 120.000000 0 75.000000 79.000000 0 67.000000 60.000000 0 64.000000 57.000000 0 216.000000 15.000000
00027 10 0 210.000000 29.000000 0 220.000000 29.000000 0 219.000000 29.000000 0 219.000000 30.000000 0 75.000000 79.000000 0 215.000000 28.000000 0 71.000000 77.000000 0 90.000000 119.000000 0 67.000000 60.000000 0 64.000000 57.000000
00028 10 0 210.000000 30.000000 0 210.000000 29.000000 0 215.000000 29.000000 0 223.000000 29.000000 0 222.000000 29.000000 0 215.000000 28.000000 0 214.000000 28.000000 0 75.000000 79.000000 0 66.000000 58.000000 0 72.000000 78.000000
00029 10 0 210.000000 29.000000 0 215.000000 29.000000 0 74.000000 79.000000 0 72.000000 78.000000 0 60.000000 53.000000 0 219.000000 29.000000 0 221.000000 29.000000 0 220.000000 29.000000 0 91.000000 119.000000 0 218.000000 29.000000
00030 10 0 210.000000 29.000000 0 74.000000 79.000000 0 220.000000 30.000000 0 215.000000 29.000000 0 64.000000 57.000000 0 63.000000 55.000000 0 59.000000 53.000000 0 67.000000 60.000000 0 215.000000 16.000000 0 197.000000 24.000000
00031 10 0 210.000000 29.000000 0 75.000000 79.000000 0 214.000000 31.000000 0 218.000000 31.000000 0 214.000000 28.000000 0 217.000000 31.000000 0 72.000000 77.000000 0 45.000000 51.000000 0 59.000000 53.000000 0 90.000000 119.000000
00032 10 0 210.000000 30.000000 0 221.000000 29.000000 0 209.000000 29.000000 0 72.000000 78.000000 0 210.000000 29.000000 0 218.000000 29.000000 0 59.000000 53.000000 0 91.000000 119.000000 0 45.000000 50.000000 0 64.000000 57.000000
00033 10 0 210.000000 29.000000 0 220.000000 30.000000 0 216.000000 28.000000 0 214.000000 31.000000 0 216.000000 31.000000 0 59.000000 53.000000 0 72.000000 78.000000 0 75.000000 78.000000 0 91.000000 119.000000 0 64.000000 57.000000
00034 10 0 210.000000 29.000000 0 216.000000 28.000000 0 220.000000 30.000000 0 216.000000 31.000000 0 72.000000 78.000000 0 75.000000 79.000000 0 59.000000 53.000000 0 58.000000 52.000000 0 59.000000 52.000000 0 91.000000 119.000000
00035 10 0 216.000000 29.000000 0 210.000000 29.000000 0 221.000000 29.000000 0 71.000000 76.000000 0 71.000000 77.000000 0 59.000000 53.000000 0 66.000000 58.000000 0 45.000000 50.000000 0 197.000000 24.000000 0 93.000000 93.000000
00036 10 0 210.000000 29.000000 0 216.000000 29.000000 0 47.000000 52.000000 0 72.000000 78.000000 0 64.000000 57.000000 0 59.000000 53.000000 0 76.000000 78.000000 0 67.000000 60.000000 0 99.000000 94.000000 0 197.000000 24.000000
00037 10 0 210.000000 29.000000 0 220.000000 29.000000 0 216.000000 31.000000 0 216.000000 28.000000 0 73.000000 78.000000 0 91.000000 119.000000 0 45.000000 50.000000 0 59.000000 53.000000 0 196.000000 24.000000 0 64.000000 57.000000
00038 10 0 210.000000 30.000000 0 209.000000 29.000000 0 210.000000 29.000000 0 220.000000 30.000000 0 216.000000 28.000000 0 47.000000 52.000000 0 74.000000 79.000000 0 216.000000 31.000000 0 90.000000 119.000000 0 59.000000 53.000000
00039 10 0 210.000000 29.000000 0 215.000000 29.000000 0 72.000000 78.000000 0 223.000000 29.000000 0 45.000000 50.000000 0 64.000000 57.000000 0 67.000000 60.000000 0 59.000000 53.000000 0 76.000000 78.000000 0 91.000000 119.000000
00040 10 0 210.000000 29.000000 0 220.000000 30.000000 0 215.000000 30.000000 0 214.000000 30.000000 0 216.000000 28.000000 0 72.000000 78.000000 0 47.000000 52.000000 0 91.000000 119.000000 0 90.000000 119.000000 0 44.000000 50.000000
00041 10 0 210.000000 30.000000 0 210.000000 29.000000 0 216.000000 28.000000 0 220.000000 29.000000 0 216.000000 31.000000 0 72.000000 78.000000 0 91.000000 119.000000 0 66.000000 58.000000 0 45.000000 50.000000 0 59.000000 52.000000
00042 10 0 210.000000 29.000000 0 216.000000 29.000000 0 72.000000 78.000000 0 216.000000 32.000000 0 47.000000 52.000000 0 75.000000 79.000000 0 59.000000 53.000000 0 67.000000 60.000000 0 90.000000 119.000000 0 91.000000 119.000000
00043 10 0 210.000000 29.000000 0 221.000000 29.000000 0 215.000000 29.000000 0 218.000000 31.000000 0 72.000000 78.000000 0 75.000000 79.000000 0 196.000000 24.000000 0 45.000000 51.000000 0 90.000000 119.000000 0 96.000000 94.000000
00044 10 0 210.000000 29.000000 0 221.000000 29.000000 0 72.000000 78.000000 0 215.000000 28.000000 0 216.000000 31.000000 0 45.000000 51.000000 0 59.000000 53.000000 0 64.000000 57.000000 0 75.000000 79.000000 0 91.000000 119.000000
00045 10 0 210.000000 29.000000 0 220.000000 30.000000 0 215.000000 29.000000 0 214.000000 28.000000 0 72.000000 78.000000 0 75.000000 79.000000 0 45.000000 51.000000 0 59.000000 53.000000 0 59.000000 52.000000 0 64.000000 57.000000
00046 10 0 210.000000 29.000000 0 220.000000 30.000000 0 216.000000 28.000000 0 216.000000 31.000000 0 75.000000 79.000000 0 72.000000 78.000000 0 59.000000 53.000000 0 45.000000 50.000000 0 64.000000 57.000000 0 67.000000 60.000000
00047 10 0 210.000000 29.000000 0 72.000000 78.000000 0 217.000000 31.000000 0 221.000000 30.000000 0 214.000000 31.000000 0 45.000000 51.000000 0 75.000000 79.000000 0 215.000000 28.000000 0 63.000000 55.000000 0 59.000000 53.000000
00048 10 0 210.000000 29.000000 0 220.000000 30.000000 0 219.000000 30.000000 0 215.000000 31.000000 0 92.000000 120.000000 0 215.000000 28.000000 0 75.000000 79.000000 0 72.000000 78.000000 0 47.000000 52.000000 0 59.000000 53.000000
00049 10 0 209.000000 29.000000 0 221.000000 30.000000 0 215.000000 29.000000 0 72.000000 78.000000 0 45.000000 50.000000 0 90.000000 119.000000 0 64.000000 57.000000 0 75.000000 79.000000 0 59.000000 53.000000 0 197.000000 25.000000
00050 10 0 210.000000 29.000000 0 220.000000 30.000000 0 91.000000 119.000000 0 74.000000 79.000000 0 215.000000 29.000000 0 59.000000 53.000000 0 67.000000 60.000000 0 45.000000 51.000000 0 196.000000 24.000000 0 64.000000 57.000000
