00001 10 0 42.000000 210.000000 0 41.000000 210.000000 0 4.000000 152.000000 0 3.000000 152.000000 0 45.000000 210.000000 0 7.000000 157.000000 0 0.000000 154.000000 0 33.000000 136.000000 0 75.000000 224.000000 0 8.000000 152.000000
00002 10 0 39.000000 211.000000 0 42.000000 211.000000 0 32.000000 131.000000 0 1.000000 154.000000 0 2.000000 154.000000 0 7.000000 152.000000 0 4.000000 148.000000 0 22.000000 232.000000 0 151.000000 111.000000 0 77.000000 226.000000
00003 10 0 40.000000 211.000000 0 4.000000 150.000000 0 2.000000 153.000000 0 0.000000 147.000000 0 47.000000 208.000000 0 22.000000 232.000000 0 7.000000 151.000000 0 9.000000 144.000000 0 3.000000 158.000000 0 34.000000 133.000000
00004 10 0 43.000000 211.000000 0 47.000000 207.000000 0 3.000000 151.000000 0 3.000000 148.000000 0 3.000000 147.000000 0 32.000000 135.000000 0 31.000000 132.000000 0 8.000000 152.000000 0 100.000000 226.000000 0 22.000000 232.000000
00005 10 0 40.000000 211.000000 0 5.000000 151.000000 0 4.000000 151.000000 0 2.000000 148.000000 0 5.000000 155.000000 0 0.000000 155.000000 0 0.000000 154.000000 0 4.000000 159.000000 0 176.000000 88.000000 0 34.000000 136.000000
00006 10 0 40.000000 211.000000 0 4.000000 153.000000 0 5.000000 144.000000 0 31.000000 133.000000 0 0.000000 156.000000 0 4.000000 156.000000 0 0.000000 159.000000 0 98.000000 227.000000 0 1.000000 148.000000 0 47.000000 205.000000
00007 10 0 41.000000 212.000000 0 42.000000 212.000000 0 0.000000 156.000000 0 0.000000 159.000000 0 64.000000 119.000000 0 6.000000 155.000000 0 23.000000 87.000000 0 5.000000 155.000000 0 4.000000 152.000000 0 2.000000 150.000000
00008 10 0 41.000000 213.000000 0 45.000000 211.000000 0 0.000000 154.000000 0 33.000000 138.000000 0 32.000000 138.000000 0 8.000000 150.000000 0 6.000000 153.000000 0 23.000000 233.000000 0 63.000000 120.000000 0 32.000000 132.000000
00009 10 0 40.000000 208.000000 0 42.000000 211.000000 0 2.000000 151.000000 0 101.000000 226.000000 0 63.000000 119.000000 0 48.000000 208.000000 0 8.000000 153.000000 0 7.000000 147.000000 0 5.000000 149.000000 0 6.000000 149.000000
00010 10 0 40.000000 213.000000 0 3.000000 151.000000 0 7.000000 150.000000 0 2.000000 154.000000 0 7.000000 154.000000 0 48.000000 206.000000 0 8.000000 159.000000 0 7.000000 142.000000 0 63.000000 122.000000 0 32.000000 138.000000
00011 10 0 42.000000 213.000000 0 63.000000 126.000000 0 4.000000 152.000000 0 60.000000 127.000000 0 63.000000 121.000000 0 5.000000 149.000000 0 34.000000 138.000000 0 2.000000 149.000000 0 8.000000 151.000000 0 33.000000 134.000000
00012 10 0 42.000000 212.000000 0 4.000000 153.000000 0 7.000000 141.000000 0 24.000000 232.000000 0 8.000000 144.000000 0 8.000000 153.000000 0 6.000000 157.000000 0 5.000000 157.000000 0 35.000000 135.000000 0 77.000000 227.000000
00013 10 0 44.000000 212.000000 0 8.000000 155.000000 0 5.000000 152.000000 0 4.000000 148.000000 0 77.000000 227.000000 0 78.000000 227.000000 0 35.000000 136.000000 0 23.000000 233.000000 0 8.000000 148.000000 0 10.000000 152.000000
00014 10 0 42.000000 212.000000 0 6.000000 160.000000 0 79.000000 227.000000 0 8.000000 152.000000 0 66.000000 119.000000 0 4.000000 149.000000 0 7.000000 149.000000 0 10.000000 156.000000 0 101.000000 228.000000 0 59.000000 127.000000
00015 10 0 40.000000 211.000000 0 41.000000 212.000000 0 40.000000 210.000000 0 4.000000 148.000000 0 7.000000 148.000000 0 1.000000 146.000000 0 1.000000 147.000000 0 47.000000 208.000000 0 100.000000 226.000000 0 35.000000 239.000000
00016 10 0 42.000000 210.000000 0 5.000000 152.000000 0 8.000000 144.000000 0 2.000000 147.000000 0 47.000000 209.000000 0 5.000000 159.000000 0 0.000000 154.000000 0 9.000000 154.000000 0 23.000000 232.000000 0 64.000000 123.000000
00017 10 0 40.000000 210.000000 0 44.000000 210.000000 0 4.000000 148.000000 0 4.000000 153.000000 0 7.000000 151.000000 0 23.000000 232.000000 0 22.000000 232.000000 0 78.000000 225.000000 0 75.000000 224.000000 0 12.000000 151.000000
00018 10 0 40.000000 211.000000 0 7.000000 150.000000 0 4.000000 148.000000 0 47.000000 208.000000 0 4.000000 151.000000 0 2.000000 144.000000 0 64.000000 118.000000 0 80.000000 226.000000 0 23.000000 232.000000 0 62.000000 148.000000
00019 10 0 40.000000 214.000000 0 47.000000 209.000000 0 6.000000 153.000000 0 2.000000 153.000000 0 2.000000 154.000000 0 4.000000 150.000000 0 34.000000 240.000000 0 0.000000 157.000000 0 47.000000 214.000000 0 4.000000 157.000000
00020 10 0 43.000000 212.000000 0 39.000000 210.000000 0 5.000000 152.000000 0 35.000000 239.000000 0 23.000000 232.000000 0 2.000000 155.000000 0 8.000000 146.000000 0 3.000000 148.000000 0 100.000000 226.000000 0 7.000000 155.000000
00021 10 0 42.000000 212.000000 0 41.000000 212.000000 0 42.000000 213.000000 0 0.000000 149.000000 0 8.000000 155.000000 0 3.000000 155.000000 0 61.000000 127.000000 0 23.000000 234.000000 0 5.000000 151.000000 0 63.000000 150.000000
00022 10 0 39.000000 211.000000 0 39.000000 212.000000 0 4.000000 151.000000 0 0.000000 154.000000 0 31.000000 134.000000 0 32.000000 135.000000 0 8.000000 152.000000 0 48.000000 239.000000 0 4.000000 159.000000 0 122.000000 108.000000
00023 10 0 40.000000 211.000000 0 4.000000 152.000000 0 1.000000 155.000000 0 48.000000 205.000000 0 67.000000 219.000000 0 34.000000 122.000000 0 159.000000 104.000000 0 63.000000 124.000000 0 5.000000 159.000000 0 65.000000 118.000000
00024 10 0 42.000000 210.000000 0 3.000000 151.000000 0 101.000000 227.000000 0 0.000000 152.000000 0 77.000000 226.000000 0 7.000000 148.000000 0 64.000000 119.000000 0 48.000000 206.000000 0 3.000000 148.000000 0 4.000000 148.000000
00025 10 0 44.000000 212.000000 0 44.000000 211.000000 0 41.000000 212.000000 0 7.000000 149.000000 0 4.000000 151.000000 0 48.000000 208.000000 0 63.000000 125.000000 0 23.000000 232.000000 0 8.000000 155.000000 0 2.000000 144.000000
00026 10 0 42.000000 212.000000 0 4.000000 152.000000 0 48.000000 209.000000 0 35.000000 136.000000 0 80.000000 227.000000 0 10.000000 147.000000 0 33.000000 133.000000 0 7.000000 141.000000 0 7.000000 156.000000 0 77.000000 225.000000
00027 10 0 40.000000 210.000000 0 3.000000 152.000000 0 4.000000 151.000000 0 47.000000 208.000000 0 7.000000 148.000000 0 6.000000 155.000000 0 24.000000 232.000000 0 0.000000 155.000000 0 3.000000 159.000000 0 35.000000 135.000000
00028 10 0 40.000000 212.000000 0 64.000000 124.000000 0 3.000000 151.000000 0 33.000000 136.000000 0 4.000000 159.000000 0 7.000000 152.000000 0 21.000000 232.000000 0 21.000000 233.000000 0 47.000000 206.000000 0 7.000000 146.000000
00029 10 0 43.000000 210.000000 0 0.000000 153.000000 0 3.000000 153.000000 0 39.000000 209.000000 0 47.000000 208.000000 0 7.000000 152.000000 0 5.000000 148.000000 0 24.000000 231.000000 0 5.000000 158.000000 0 5.000000 159.000000
00030 10 0 40.000000 211.000000 0 3.000000 151.000000 0 34.000000 136.000000 0 64.000000 123.000000 0 0.000000 152.000000 0 33.000000 136.000000 0 6.000000 154.000000 0 5.000000 154.000000 0 23.000000 232.000000 0 4.000000 154.000000
00031 10 0 42.000000 210.000000 0 41.000000 210.000000 0 5.000000 151.000000 0 5.000000 148.000000 0 48.000000 207.000000 0 34.000000 135.000000 0 2.000000 155.000000 0 10.000000 144.000000 0 36.000000 119.000000 0 6.000000 159.000000
00032 10 0 43.000000 212.000000 0 4.000000 152.000000 0 24.000000 232.000000 0 8.000000 148.000000 0 7.000000 159.000000 0 1.000000 155.000000 0 101.000000 227.000000 0 35.000000 135.000000 0 0.000000 152.000000 0 32.000000 133.000000
00033 10 0 39.000000 212.000000 0 2.000000 152.000000 0 7.000000 152.000000 0 7.000000 146.000000 0 5.000000 149.000000 0 47.000000 205.000000 0 63.000000 120.000000 0 35.000000 135.000000 0 31.000000 133.000000 0 32.000000 135.000000
00034 10 0 42.000000 213.000000 0 43.000000 213.000000 0 8.000000 153.000000 0 4.000000 154.000000 0 5.000000 159.000000 0 48.000000 208.000000 0 4.000000 149.000000 0 23.000000 234.000000 0 7.000000 148.000000 0 35.000000 240.000000
00035 10 0 42.000000 211.000000 0 3.000000 151.000000 0 23.000000 232.000000 0 0.000000 152.000000 0 8.000000 146.000000 0 7.000000 152.000000 0 32.000000 136.000000 0 60.000000 124.000000 0 4.000000 143.000000 0 5.000000 144.000000
00036 10 0 42.000000 213.000000 0 42.000000 212.000000 0 63.000000 127.000000 0 8.000000 149.000000 0 4.000000 150.000000 0 4.000000 153.000000 0 0.000000 159.000000 0 48.000000 215.000000 0 36.000000 121.000000 0 33.000000 136.000000
00037 10 0 42.000000 210.000000 0 23.000000 232.000000 0 5.000000 151.000000 0 36.000000 239.000000 0 8.000000 147.000000 0 34.000000 135.000000 0 34.000000 132.000000 0 34.000000 131.000000 0 103.000000 227.000000 0 175.000000 88.000000
00038 10 0 42.000000 211.000000 0 3.000000 151.000000 0 32.000000 135.000000 0 23.000000 232.000000 0 35.000000 239.000000 0 47.000000 206.000000 0 8.000000 148.000000 0 4.000000 148.000000 0 34.000000 132.000000 0 8.000000 145.000000
00039 10 0 40.000000 211.000000 0 3.000000 148.000000 0 48.000000 206.000000 0 48.000000 205.000000 0 23.000000 232.000000 0 35.000000 239.000000 0 7.000000 148.000000 0 2.000000 156.000000 0 5.000000 155.000000 0 35.000000 119.000000
00040 10 0 40.000000 210.000000 0 40.000000 211.000000 0 3.000000 152.000000 0 32.000000 132.000000 0 79.000000 227.000000 0 5.000000 158.000000 0 7.000000 146.000000 0 6.000000 158.000000 0 9.000000 152.000000 0 62.000000 119.000000
00041 10 0 43.000000 211.000000 0 43.000000 210.000000 0 33.000000 132.000000 0 4.000000 153.000000 0 5.000000 149.000000 0 48.000000 207.000000 0 23.000000 232.000000 0 8.000000 150.000000 0 8.000000 146.000000 0 3.000000 157.000000
00042 10 0 40.000000 213.000000 0 23.000000 234.000000 0 7.000000 155.000000 0 3.000000 152.000000 0 7.000000 152.000000 0 2.000000 154.000000 0 32.000000 135.000000 0 0.000000 158.000000 0 4.000000 149.000000 0 3.000000 160.000000
00043 10 0 41.000000 211.000000 0 3.000000 151.000000 0 6.000000 154.000000 0 33.000000 135.000000 0 31.000000 131.000000 0 3.000000 154.000000 0 7.000000 146.000000 0 0.000000 156.000000 0 6.000000 159.000000 0 3.000000 159.000000
00044 10 0 41.000000 211.000000 0 42.000000 212.000000 0 70.000000 220.000000 0 7.000000 153.000000 0 7.000000 150.000000 0 48.000000 208.000000 0 0.000000 155.000000 0 0.000000 158.000000 0 80.000000 227.000000 0 50.000000 205.000000
00045 10 0 42.000000 212.000000 0 7.000000 151.000000 0 48.000000 207.000000 0 175.000000 95.000000 0 4.000000 153.000000 0 64.000000 125.000000 0 5.000000 160.000000 0 8.000000 156.000000 0 175.000000 88.000000 0 34.000000 137.000000
00046 10 0 42.000000 213.000000 0 43.000000 213.000000 0 23.000000 234.000000 0 4.000000 152.000000 0 5.000000 157.000000 0 4.000000 158.000000 0 8.000000 157.000000 0 48.000000 208.000000 0 34.000000 138.000000 0 63.000000 125.000000
00047 10 0 43.000000 212.000000 0 8.000000 148.000000 0 4.000000 151.000000 0 0.000000 156.000000 0 0.000000 155.000000 0 63.000000 124.000000 0 5.000000 155.000000 0 5.000000 156.000000 0 8.000000 151.000000 0 4.000000 160.000000
00048 10 0 41.000000 214.000000 0 4.000000 151.000000 0 69.000000 221.000000 0 23.000000 234.000000 0 34.000000 136.000000 0 32.000000 113.000000 0 0.000000 148.000000 0 33.000000 133.000000 0 8.000000 147.000000 0 8.000000 148.000000
00049 10 0 40.000000 212.000000 0 5.000000 152.000000 0 2.000000 155.000000 0 5.000000 148.000000 0 8.000000 150.000000 0 7.000000 155.000000 0 0.000000 159.000000 0 63.000000 121.000000 0 32.000000 119.000000 0 4.000000 158.000000
00050 10 0 42.000000 211.000000 0 5.000000 152.000000 0 8.000000 151.000000 0 1.000000 155.000000 0 1.000000 154.000000 0 7.000000 148.000000 0 0.000000 147.000000 0 23.000000 232.000000 0 23.000000 231.000000 0 7.000000 144.000000
