00001 5 0 50.000000 127.000000 0 205.000000 184.000000 0 148.000000 202.000000 0 199.000000 139.000000 0 204.000000 130.000000
00002 7 0 49.000000 127.000000 0 50.000000 127.000000 0 148.000000 202.000000 0 205.000000 184.000000 0 206.000000 185.000000 0 122.000000 205.000000 0 204.000000 130.000000
00003 6 0 49.000000 127.000000 0 50.000000 127.000000 0 205.000000 184.000000 0 148.000000 202.000000 0 152.000000 104.000000 0 204.000000 130.000000
00004 5 0 50.000000 127.000000 0 205.000000 184.000000 0 148.000000 202.000000 0 204.000000 130.000000 0 199.000000 139.000000
00005 8 0 50.000000 127.000000 0 205.000000 184.000000 0 148.000000 202.000000 0 204.000000 130.000000 0 55.000000 125.000000 0 122.000000 205.000000 0 176.000000 171.000000 0 199.000000 139.000000
00006 3 0 50.000000 127.000000 0 205.000000 184.000000 0 148.000000 202.000000
00007 10 0 50.000000 127.000000 0 49.000000 127.000000 0 148.000000 202.000000 0 206.000000 185.000000 0 204.000000 130.000000 0 122.000000 205.000000 0 202.000000 183.000000 0 251.000000 98.000000 0 199.000000 139.000000 0 55.000000 125.000000
00008 10 0 50.000000 127.000000 0 205.000000 184.000000 0 204.000000 130.000000 0 148.000000 202.000000 0 122.000000 205.000000 0 176.000000 171.000000 0 251.000000 98.000000 0 55.000000 125.000000 0 152.000000 104.000000 0 57.000000 106.000000
00009 7 0 50.000000 127.000000 0 205.000000 184.000000 0 148.000000 202.000000 0 204.000000 130.000000 0 122.000000 205.000000 0 199.000000 139.000000 0 176.000000 171.000000
00010 10 0 50.000000 127.000000 0 49.000000 127.000000 0 206.000000 185.000000 0 205.000000 184.000000 0 148.000000 202.000000 0 204.000000 130.000000 0 199.000000 139.000000 0 122.000000 205.000000 0 251.000000 98.000000 0 55.000000 125.000000
00011 10 0 50.000000 127.000000 0 206.000000 185.000000 0 205.000000 184.000000 0 204.000000 130.000000 0 148.000000 201.000000 0 148.000000 202.000000 0 187.000000 247.000000 0 122.000000 205.000000 0 152.000000 104.000000 0 199.000000 139.000000
00012 9 0 50.000000 127.000000 0 205.000000 184.000000 0 152.000000 104.000000 0 204.000000 130.000000 0 148.000000 202.000000 0 57.000000 106.000000 0 199.000000 139.000000 0 187.000000 247.000000 0 55.000000 125.000000
00013 5 0 50.000000 127.000000 0 206.000000 185.000000 0 148.000000 202.000000 0 204.000000 130.000000 0 251.000000 98.000000
00014 8 0 50.000000 127.000000 0 206.000000 185.000000 0 199.000000 139.000000 0 148.000000 202.000000 0 204.000000 130.000000 0 152.000000 104.000000 0 122.000000 205.000000 0 251.000000 98.000000
00015 10 0 50.000000 127.000000 0 49.000000 127.000000 0 205.000000 184.000000 0 204.000000 130.000000 0 148.000000 202.000000 0 121.000000 205.000000 0 55.000000 125.000000 0 150.000000 244.000000 0 149.000000 244.000000 0 175.000000 171.000000
00016 9 0 49.000000 127.000000 0 50.000000 127.000000 0 205.000000 184.000000 0 204.000000 130.000000 0 55.000000 125.000000 0 152.000000 104.000000 0 148.000000 202.000000 0 122.000000 205.000000 0 176.000000 171.000000
00017 10 0 50.000000 127.000000 0 205.000000 184.000000 0 148.000000 201.000000 0 204.000000 130.000000 0 122.000000 205.000000 0 152.000000 104.000000 0 150.000000 244.000000 0 187.000000 247.000000 0 199.000000 139.000000 0 57.000000 106.000000
00018 10 0 49.000000 127.000000 0 206.000000 185.000000 0 204.000000 130.000000 0 205.000000 184.000000 0 148.000000 202.000000 0 55.000000 125.000000 0 122.000000 205.000000 0 187.000000 247.000000 0 175.000000 171.000000 0 251.000000 98.000000
00019 10 0 50.000000 127.000000 0 205.000000 184.000000 0 148.000000 201.000000 0 204.000000 130.000000 0 199.000000 139.000000 0 122.000000 205.000000 0 152.000000 104.000000 0 251.000000 98.000000 0 187.000000 247.000000 0 150.000000 244.000000
00020 4 0 50.000000 127.000000 0 205.000000 184.000000 0 148.000000 202.000000 0 204.000000 130.000000
00021 4 0 50.000000 127.000000 0 205.000000 184.000000 0 204.000000 130.000000 0 148.000000 202.000000
00022 4 0 50.000000 127.000000 0 205.000000 184.000000 0 148.000000 202.000000 0 204.000000 130.000000
00023 7 0 50.000000 127.000000 0 205.000000 184.000000 0 148.000000 202.000000 0 204.000000 130.000000 0 55.000000 125.000000 0 187.000000 247.000000 0 199.000000 139.000000
00024 9 0 50.000000 127.000000 0 206.000000 185.000000 0 205.000000 184.000000 0 148.000000 202.000000 0 204.000000 130.000000 0 187.000000 247.000000 0 121.000000 205.000000 0 55.000000 125.000000 0 152.000000 104.000000
00025 10 0 49.000000 127.000000 0 205.000000 184.000000 0 148.000000 202.000000 0 204.000000 130.000000 0 152.000000 104.000000 0 176.000000 171.000000 0 251.000000 98.000000 0 55.000000 125.000000 0 199.000000 139.000000 0 149.000000 244.000000
00026 10 0 50.000000 127.000000 0 206.000000 185.000000 0 204.000000 130.000000 0 148.000000 202.000000 0 187.000000 247.000000 0 122.000000 205.000000 0 57.000000 106.000000 0 55.000000 125.000000 0 199.000000 139.000000 0 251.000000 98.000000
00027 9 0 50.000000 127.000000 0 205.000000 184.000000 0 148.000000 202.000000 0 204.000000 130.000000 0 199.000000 139.000000 0 55.000000 125.000000 0 122.000000 205.000000 0 152.000000 104.000000 0 150.000000 244.000000
00028 10 0 50.000000 127.000000 0 206.000000 185.000000 0 204.000000 130.000000 0 148.000000 202.000000 0 55.000000 125.000000 0 199.000000 139.000000 0 152.000000 104.000000 0 122.000000 205.000000 0 149.000000 244.000000 0 187.000000 247.000000
00029 10 0 50.000000 127.000000 0 205.000000 184.000000 0 204.000000 130.000000 0 148.000000 202.000000 0 176.000000 171.000000 0 122.000000 205.000000 0 199.000000 139.000000 0 252.000000 98.000000 0 251.000000 98.000000 0 251.000000 97.000000
00030 9 0 49.000000 127.000000 0 50.000000 127.000000 0 205.000000 184.000000 0 204.000000 130.000000 0 148.000000 202.000000 0 152.000000 104.000000 0 55.000000 125.000000 0 122.000000 205.000000 0 149.000000 244.000000
00031 10 0 50.000000 127.000000 0 49.000000 127.000000 0 206.000000 185.000000 0 148.000000 202.000000 0 204.000000 130.000000 0 199.000000 139.000000 0 152.000000 104.000000 0 187.000000 247.000000 0 122.000000 205.000000 0 55.000000 125.000000
00032 8 0 50.000000 127.000000 0 205.000000 184.000000 0 148.000000 202.000000 0 204.000000 130.000000 0 152.000000 104.000000 0 187.000000 247.000000 0 176.000000 171.000000 0 122.000000 205.000000
00033 9 0 50.000000 127.000000 0 205.000000 184.000000 0 148.000000 202.000000 0 204.000000 130.000000 0 55.000000 125.000000 0 122.000000 205.000000 0 251.000000 98.000000 0 187.000000 247.000000 0 175.000000 171.000000
00034 10 0 50.000000 127.000000 0 205.000000 184.000000 0 204.000000 130.000000 0 148.000000 202.000000 0 122.000000 205.000000 0 55.000000 125.000000 0 150.000000 244.000000 0 199.000000 139.000000 0 149.000000 244.000000 0 187.000000 247.000000
00035 10 0 50.000000 127.000000 0 205.000000 184.000000 0 148.000000 202.000000 0 122.000000 205.000000 0 204.000000 130.000000 0 199.000000 139.000000 0 55.000000 125.000000 0 176.000000 171.000000 0 187.000000 247.000000 0 152.000000 104.000000
00036 10 0 50.000000 127.000000 0 205.000000 184.000000 0 204.000000 130.000000 0 148.000000 202.000000 0 176.000000 171.000000 0 122.000000 205.000000 0 149.000000 244.000000 0 150.000000 244.000000 0 199.000000 139.000000 0 251.000000 98.000000
00037 10 0 50.000000 127.000000 0 49.000000 127.000000 0 205.000000 184.000000 0 148.000000 202.000000 0 204.000000 130.000000 0 199.000000 139.000000 0 122.000000 205.000000 0 187.000000 247.000000 0 149.000000 244.000000 0 251.000000 98.000000
00038 7 0 50.000000 127.000000 0 49.000000 127.000000 0 204.000000 130.000000 0 205.000000 184.000000 0 148.000000 202.000000 0 55.000000 125.000000 0 199.000000 139.000000
00039 8 0 50.000000 127.000000 0 205.000000 184.000000 0 204.000000 130.000000 0 122.000000 205.000000 0 148.000000 202.000000 0 199.000000 139.000000 0 176.000000 171.000000 0 57.000000 106.000000
00040 10 0 50.000000 127.000000 0 205.000000 184.000000 0 204.000000 130.000000 0 152.000000 104.000000 0 148.000000 202.000000 0 148.000000 201.000000 0 187.000000 247.000000 0 251.000000 98.000000 0 55.000000 125.000000 0 200.000000 133.000000
00041 10 0 50.000000 127.000000 0 205.000000 184.000000 0 204.000000 130.000000 0 148.000000 202.000000 0 199.000000 139.000000 0 152.000000 104.000000 0 55.000000 125.000000 0 176.000000 171.000000 0 56.000000 106.000000 0 57.000000 106.000000
00042 6 0 50.000000 127.000000 0 205.000000 184.000000 0 148.000000 202.000000 0 204.000000 130.000000 0 122.000000 205.000000 0 199.000000 139.000000
00043 5 0 50.000000 127.000000 0 205.000000 184.000000 0 148.000000 202.000000 0 204.000000 130.000000 0 199.000000 139.000000
00044 4 0 50.000000 127.000000 0 205.000000 184.000000 0 204.000000 130.000000 0 148.000000 202.000000
00045 4 0 50.000000 127.000000 0 205.000000 184.000000 0 148.000000 202.000000 0 204.000000 130.000000
00046 4 0 49.000000 127.000000 0 50.000000 127.000000 0 205.000000 184.000000 0 148.000000 202.000000
00047 3 0 50.000000 127.000000 0 205.000000 184.000000 0 148.000000 201.000000
00048 5 0 50.000000 127.000000 0 205.000000 184.000000 0 148.000000 202.000000 0 148.000000 201.000000 0 204.000000 130.000000
00049 7 0 50.000000 127.000000 0 205.000000 184.000000 0 148.000000 202.000000 0 122.000000 205.000000 0 204.000000 130.000000 0 199.000000 139.000000 0 187.000000 247.000000
00050 6 0 50.000000 127.000000 0 205.000000 184.000000 0 148.000000 202.000000 0 152.000000 104.000000 0 204.000000 130.000000 0 199.000000 139.000000
